[gd_scene load_steps=24 format=2]

[ext_resource path="res://entities/level/Level.gd" type="Script" id=1]
[ext_resource path="res://entities/navigation/NavMesh.tscn" type="PackedScene" id=2]
[ext_resource path="res://entities/manager/GameTimer.tscn" type="PackedScene" id=3]
[ext_resource path="res://entities/manager/manager.tscn" type="PackedScene" id=4]
[ext_resource path="res://entities/challenges/ChallengeAnimeContainer.tscn" type="PackedScene" id=5]
[ext_resource path="res://entities/PlayerSpawn/PlayerSpawn.tscn" type="PackedScene" id=6]
[ext_resource path="res://entities/grass/grass.tscn" type="PackedScene" id=7]
[ext_resource path="res://entities/tree/Tree.tscn" type="PackedScene" id=8]
[ext_resource path="res://entities/navigation/Barrel.tscn" type="PackedScene" id=9]
[ext_resource path="res://entities/actors/enemies/enemy.tscn" type="PackedScene" id=10]
[ext_resource path="res://entities/particles/Dust.tscn" type="PackedScene" id=11]
[ext_resource path="res://addons/zylann.scatter/scatter3d.gd" type="Script" id=12]
[ext_resource path="res://entities/pickups/ShotgunPickup.tscn" type="PackedScene" id=13]
[ext_resource path="res://entities/disable/Disabled.tscn" type="PackedScene" id=14]
[ext_resource path="res://entities/pickups/M16Pickup.tscn" type="PackedScene" id=15]
[ext_resource path="res://entities/vines/Vines.tscn" type="PackedScene" id=16]
[ext_resource path="res://entities/virgin+wilflur/virgin_wilflur.tscn" type="PackedScene" id=17]
[ext_resource path="res://entities/fire_flies/fire_flies.tscn" type="PackedScene" id=18]
[ext_resource path="res://assets/freesounds/388340__phlair__dungeon-ambiance.wav" type="AudioStream" id=19]
[ext_resource path="res://entities/target/Target.tscn" type="PackedScene" id=20]
[ext_resource path="res://entities/actors/enemies/SentryGun.tscn" type="PackedScene" id=21]

[sub_resource type="ProceduralSky" id=4]

[sub_resource type="Environment" id=5]
background_mode = 2
background_sky = SubResource( 4 )
background_energy = 0.0
ambient_light_color = Color( 0.313726, 0.258824, 0.258824, 1 )
ambient_light_energy = 0.2
ambient_light_sky_contribution = 0.01

[node name="Forest" type="Navigation"]
script = ExtResource( 1 )
level = "Forest"
challenges_id = 3

[node name="Manager" parent="." instance=ExtResource( 4 )]
transform = Transform( 0.99969, -0.0249033, 1.67155e-09, 0.024881, 0.998793, 0.0423465, -0.00105457, -0.0423333, 0.999103, 0, 6.82457, 0 )

[node name="GameTimer" parent="." instance=ExtResource( 3 )]
wait_time = 180.0

[node name="ChallengeAnimeContainer" parent="." instance=ExtResource( 5 )]

[node name="PlayerSpawn" parent="." instance=ExtResource( 6 )]

[node name="WorldEnvironment" type="WorldEnvironment" parent="."]
environment = SubResource( 5 )

[node name="Scatter3D" type="Spatial" parent="."]
script = ExtResource( 12 )
_scenes = [ ExtResource( 8 ), ExtResource( 11 ), ExtResource( 15 ), ExtResource( 16 ), ExtResource( 7 ), ExtResource( 17 ), ExtResource( 18 ) ]

[node name="Tree" parent="Scatter3D" instance=ExtResource( 8 )]
transform = Transform( -0.998268, 0, -0.0588336, 0, 1, 0, 0.0588336, 0, -0.998268, 16.9655, -1.90735e-06, -21.6403 )

[node name="Tree8" parent="Scatter3D" instance=ExtResource( 8 )]
transform = Transform( 0.706445, 0, -0.707768, 0, 1, 0, 0.707768, 0, 0.706445, -15.9547, -1.90735e-06, -52.9175 )

[node name="Tree9" parent="Scatter3D" instance=ExtResource( 8 )]
transform = Transform( 0.7675, 0, 0.641049, 0, 1, 0, -0.641049, 0, 0.7675, -17.8656, -1.90735e-06, -69.7784 )

[node name="Tree10" parent="Scatter3D" instance=ExtResource( 8 )]
transform = Transform( 0.951108, 0, -0.308859, 0, 1, 0, 0.308859, 0, 0.951108, -2.57785, -1.90735e-06, -71.03 )

[node name="Tree11" parent="Scatter3D" instance=ExtResource( 8 )]
transform = Transform( -0.644099, 0, -0.764942, 0, 1, 0, 0.764942, 0, -0.644099, 6.26987, 0.217001, -80 )

[node name="Tree12" parent="Scatter3D" instance=ExtResource( 8 )]
transform = Transform( 0.116124, 0, -0.993235, 0, 1, 0, 0.993235, 0, 0.116124, 15.0229, 1.90735e-06, -77.9407 )

[node name="Tree13" parent="Scatter3D" instance=ExtResource( 8 )]
transform = Transform( 0.716075, 0, -0.698023, 0, 1, 0, 0.698023, 0, 0.716075, 20.542, -1.90735e-06, -77.6067 )

[node name="Tree17" parent="Scatter3D" instance=ExtResource( 8 )]
transform = Transform( -0.491131, 0, -0.871086, 0, 1, 0, 0.871086, 0, -0.491131, 35.4514, 1.90735e-06, -56.4152 )

[node name="Tree18" parent="Scatter3D" instance=ExtResource( 8 )]
transform = Transform( 0.994196, 0, -0.107581, 0, 1, 0, 0.107581, 0, 0.994196, 36.1798, 0, -52.6654 )

[node name="Tree19" parent="Scatter3D" instance=ExtResource( 8 )]
transform = Transform( -0.694593, 0, -0.719403, 0, 1, 0, 0.719403, 0, -0.694593, 33.8873, 1.90735e-06, -50.5708 )

[node name="Tree20" parent="Scatter3D" instance=ExtResource( 8 )]
transform = Transform( -0.886139, 0, -0.463419, 0, 1, 0, 0.463419, 0, -0.886139, 25.6455, 1.90735e-06, -38.6418 )

[node name="Tree21" parent="Scatter3D" instance=ExtResource( 8 )]
transform = Transform( 0.990966, 0, -0.134113, 0, 1, 0, 0.134113, 0, 0.990966, 26.6326, 0, -32.7444 )

[node name="Tree23" parent="Scatter3D" instance=ExtResource( 8 )]
transform = Transform( -0.118289, 0, 0.992979, 0, 1, 0, -0.992979, 0, -0.118289, 0.373924, 0, -56.9228 )

[node name="Tree24" parent="Scatter3D" instance=ExtResource( 8 )]
transform = Transform( -0.173431, 0, 0.984846, 0, 1, 0, -0.984846, 0, -0.173431, -43.699, 0, -54.971 )

[node name="Tree25" parent="Scatter3D" instance=ExtResource( 8 )]
transform = Transform( 0.998071, 0, 0.0620776, 0, 1, 0, -0.0620776, 0, 0.998071, 31.7233, 0, -100.471 )

[node name="Tree26" parent="Scatter3D" instance=ExtResource( 8 )]
transform = Transform( -0.554416, 0, 0.83224, 0, 1, 0, -0.83224, 0, -0.554416, 36.7323, 0, -92.3741 )

[node name="Tree5" parent="Scatter3D" instance=ExtResource( 8 )]
transform = Transform( 0.618989, 0, -0.7854, 0, 1, 0, 0.7854, 0, 0.618989, 9.82079, 3.8147e-06, -35.94 )

[node name="Tree6" parent="Scatter3D" instance=ExtResource( 8 )]
transform = Transform( 0.139929, 0, 0.990162, 0, 1, 0, -0.990162, 0, 0.139929, 46.5984, 8, -36.1785 )

[node name="Tree7" parent="Scatter3D" instance=ExtResource( 8 )]
transform = Transform( -0.964689, 0, -0.263391, 0, 1, 0, 0.263391, 0, -0.964689, 44.0437, 8.00004, -28.6857 )

[node name="Tree14" parent="Scatter3D" instance=ExtResource( 8 )]
transform = Transform( -0.209888, 0, -0.977726, 0, 1, 0, 0.977726, 0, -0.209888, 39.3858, 8.00005, -22.9226 )

[node name="Tree15" parent="Scatter3D" instance=ExtResource( 8 )]
transform = Transform( 0.31116, 0, 0.950358, 0, 1, 0, -0.950358, 0, 0.31116, 8.83545, 8, -17.9744 )

[node name="Tree16" parent="Scatter3D" instance=ExtResource( 8 )]
transform = Transform( 0.379433, 0, 0.925219, 0, 1, 0, -0.925219, 0, 0.379433, -11.8448, 8, -28.5115 )

[node name="Tree22" parent="Scatter3D" instance=ExtResource( 8 )]
transform = Transform( -0.601776, 0, 0.798665, 0, 1, 0, -0.798665, 0, -0.601776, -18.6198, 8, -32.6496 )

[node name="Tree27" parent="Scatter3D" instance=ExtResource( 8 )]
transform = Transform( 0.685634, 0, 0.727946, 0, 1, 0, -0.727946, 0, 0.685634, -17.5216, 8, -37.7327 )

[node name="Tree28" parent="Scatter3D" instance=ExtResource( 8 )]
transform = Transform( 0.274705, 0, 0.961529, 0, 1, 0, -0.961529, 0, 0.274705, -6.10545, 8, -31.1584 )

[node name="Tree29" parent="Scatter3D" instance=ExtResource( 8 )]
transform = Transform( 0.582082, 0, -0.81313, 0, 1, 0, 0.81313, 0, 0.582082, -11.9154, 8.00016, -77.9341 )

[node name="Tree30" parent="Scatter3D" instance=ExtResource( 8 )]
transform = Transform( 0.955487, 0, 0.295032, 0, 1, 0, -0.295032, 0, 0.955487, -2.45329, 8, -81.3578 )

[node name="Tree31" parent="Scatter3D" instance=ExtResource( 8 )]
transform = Transform( 0.430227, 0, 0.902721, 0, 1, 0, -0.902721, 0, 0.430227, 6.49496, 8, -85.4033 )

[node name="Tree32" parent="Scatter3D" instance=ExtResource( 8 )]
transform = Transform( -0.99252, 0, -0.122082, 0, 1, 0, 0.122082, 0, -0.99252, 24.1825, 8.00008, -113.283 )

[node name="Tree33" parent="Scatter3D" instance=ExtResource( 8 )]
transform = Transform( -0.933842, 0, -0.357686, 0, 1, 0, 0.357686, 0, -0.933842, 38.5352, 8, -125.114 )

[node name="Tree34" parent="Scatter3D" instance=ExtResource( 8 )]
transform = Transform( 0.996889, 0, 0.0788243, 0, 1, 0, -0.0788243, 0, 0.996889, 42.8687, 8.00164, -113.769 )

[node name="Tree35" parent="Scatter3D" instance=ExtResource( 8 )]
transform = Transform( -0.446007, 0, 0.895029, 0, 1, 0, -0.895029, 0, -0.446007, 43.4294, 8, -111.883 )

[node name="Tree2" parent="Scatter3D" instance=ExtResource( 8 )]
transform = Transform( -0.981311, 0, 0.192428, 0, 1, 0, -0.192428, 0, -0.981311, 36.6967, 8, -15.0305 )

[node name="Tree3" parent="Scatter3D" instance=ExtResource( 8 )]
transform = Transform( -0.998558, 0, -0.0536776, 0, 1, 0, 0.0536776, 0, -0.998558, 39.922, 8.00022, -15.2808 )

[node name="Tree4" parent="Scatter3D" instance=ExtResource( 8 )]
transform = Transform( -0.939236, 0, -0.343273, 0, 1, 0, 0.343273, 0, -0.939236, 43.8518, 8, -16.5909 )

[node name="Tree36" parent="Scatter3D" instance=ExtResource( 8 )]
transform = Transform( -0.961027, 0, 0.276453, 0, 1, 0, -0.276453, 0, -0.961027, 40.9775, 8.00006, -70.793 )

[node name="Tree37" parent="Scatter3D" instance=ExtResource( 8 )]
transform = Transform( -0.904883, 0, -0.42566, 0, 1, 0, 0.42566, 0, -0.904883, 41.5666, 8, -59.4564 )

[node name="Tree38" parent="Scatter3D" instance=ExtResource( 8 )]
transform = Transform( 0.704904, 0, -0.709303, 0, 1, 0, 0.709303, 0, 0.704904, 42.2115, 8, -48.4282 )

[node name="Tree39" parent="Scatter3D" instance=ExtResource( 8 )]
transform = Transform( 0.59469, 0, -0.803955, 0, 1, 0, 0.803955, 0, 0.59469, 11.0071, 8, -22.7062 )

[node name="Tree40" parent="Scatter3D" instance=ExtResource( 8 )]
transform = Transform( -0.0771603, 0, -0.997019, 0, 1, 0, 0.997019, 0, -0.0771603, 15.4762, 8, -14.5981 )

[node name="Tree41" parent="Scatter3D" instance=ExtResource( 8 )]
transform = Transform( -0.774044, 0, 0.633132, 0, 1, 0, -0.633132, 0, -0.774044, 12.9957, 8, -9.3256 )

[node name="Tree42" parent="Scatter3D" instance=ExtResource( 8 )]
transform = Transform( -0.998083, 0, 0.0618865, 0, 1, 0, -0.0618865, 0, -0.998083, -7.99999, 3.27734, -10.0965 )

[node name="Tree43" parent="Scatter3D" instance=ExtResource( 8 )]
transform = Transform( 0.999337, 0, 0.0364097, 0, 1, 0, -0.0364097, 0, 0.999337, 0.762539, 8, -15.8139 )

[node name="Tree44" parent="Scatter3D" instance=ExtResource( 8 )]
transform = Transform( 0.25687, 0, 0.966446, 0, 1, 0, -0.966446, 0, 0.25687, -19.5783, 8, -26.1009 )

[node name="Tree45" parent="Scatter3D" instance=ExtResource( 8 )]
transform = Transform( -0.947272, 0, -0.32043, 0, 1, 0, 0.32043, 0, -0.947272, -2.29931, 8.00542, -38.9772 )

[node name="Tree46" parent="Scatter3D" instance=ExtResource( 8 )]
transform = Transform( 0.76941, 0, -0.638755, 0, 1, 0, 0.638755, 0, 0.76941, -35.5012, 8, -73.2574 )

[node name="Tree47" parent="Scatter3D" instance=ExtResource( 8 )]
transform = Transform( -0.154047, 0, 0.988063, 0, 1, 0, -0.988063, 0, -0.154047, -35.6348, 8, -64.9459 )

[node name="Tree48" parent="Scatter3D" instance=ExtResource( 8 )]
transform = Transform( -0.00731907, 0, -0.999973, 0, 1, 0, 0.999973, 0, -0.00731907, -48.7228, 8.00033, -57.1387 )

[node name="Tree49" parent="Scatter3D" instance=ExtResource( 8 )]
transform = Transform( -0.831066, 0, -0.556173, 0, 1, 0, 0.556173, 0, -0.831066, -48.3343, 8.00001, -47.0192 )

[node name="Tree50" parent="Scatter3D" instance=ExtResource( 8 )]
transform = Transform( -0.72733, 0, -0.686288, 0, 1, 0, 0.686288, 0, -0.72733, -48, 6.96427, -34.1199 )

[node name="Tree51" parent="Scatter3D" instance=ExtResource( 8 )]
transform = Transform( 0.755375, 0, 0.655292, 0, 1, 0, -0.655292, 0, 0.755375, -48, 7.61322, -21.2608 )

[node name="Tree52" parent="Scatter3D" instance=ExtResource( 8 )]
transform = Transform( 0.91794, 0, -0.39672, 0, 1, 0, 0.39672, 0, 0.91794, -48, 5.24555, -17.6332 )

[node name="Tree53" parent="Scatter3D" instance=ExtResource( 8 )]
transform = Transform( -0.155553, 0, 0.987827, 0, 1, 0, -0.987827, 0, -0.155553, -32.0696, 8.00022, -13.1295 )

[node name="Tree54" parent="Scatter3D" instance=ExtResource( 8 )]
transform = Transform( 0.608086, 0, -0.793871, 0, 1, 0, 0.793871, 0, 0.608086, -32, 7.42809, -18.7381 )

[node name="Tree55" parent="Scatter3D" instance=ExtResource( 8 )]
transform = Transform( 0.72182, 0, -0.692081, 0, 1, 0, 0.692081, 0, 0.72182, -32, 7.41018, -26.3965 )

[node name="Tree56" parent="Scatter3D" instance=ExtResource( 8 )]
transform = Transform( 0.928873, 0, 0.370399, 0, 1, 0, -0.370399, 0, 0.928873, -32.296, 8, -31.2103 )

[node name="Tree57" parent="Scatter3D" instance=ExtResource( 8 )]
transform = Transform( -0.877565, 0, 0.479458, 0, 1, 0, -0.479458, 0, -0.877565, -60.39, 8, 5.23722 )

[node name="Tree58" parent="Scatter3D" instance=ExtResource( 8 )]
transform = Transform( -0.917017, 0, -0.398849, 0, 1, 0, 0.398849, 0, -0.917017, -71.236, 8, 3.12185 )

[node name="Tree59" parent="Scatter3D" instance=ExtResource( 8 )]
transform = Transform( -0.11682, 0, 0.993153, 0, 1, 0, -0.993153, 0, -0.11682, -88.5628, 8, 1.2435 )

[node name="Tree60" parent="Scatter3D" instance=ExtResource( 8 )]
transform = Transform( -0.707524, 0, -0.706689, 0, 1, 0, 0.706689, 0, -0.707524, -104, 7.7305, 12.3676 )

[node name="Tree61" parent="Scatter3D" instance=ExtResource( 8 )]
transform = Transform( 0.144385, 0, 0.989522, 0, 1, 0, -0.989522, 0, 0.144385, -99.9958, 8, 17.9852 )

[node name="Tree62" parent="Scatter3D" instance=ExtResource( 8 )]
transform = Transform( 0.0600173, 0, 0.998197, 0, 1, 0, -0.998197, 0, 0.0600173, -79.9966, 7.82534, 27.0703 )

[node name="Tree63" parent="Scatter3D" instance=ExtResource( 8 )]
transform = Transform( -0.913271, 0, 0.407353, 0, 1, 0, -0.407353, 0, -0.913271, -83.842, 8, 21.2677 )

[node name="Tree64" parent="Scatter3D" instance=ExtResource( 8 )]
transform = Transform( 0.734974, 0, -0.678095, 0, 1, 0, 0.678095, 0, 0.734974, -86.1542, 8, -18.0503 )

[node name="Tree65" parent="Scatter3D" instance=ExtResource( 8 )]
transform = Transform( -0.999998, 0, 0.00203672, 0, 1, 0, -0.00203672, 0, -0.999998, -72.8368, 7.58123, -15.9999 )

[node name="Tree66" parent="Scatter3D" instance=ExtResource( 8 )]
transform = Transform( -0.0451333, 0, 0.998981, 0, 1, 0, -0.998981, 0, -0.0451333, -72.5883, 7.2054, -15.9991 )

[node name="Tree67" parent="Scatter3D" instance=ExtResource( 8 )]
transform = Transform( 0.475452, 0, -0.879742, 0, 1, 0, 0.879742, 0, 0.475452, -57.9955, 8, -9.46703 )

[node name="Tree68" parent="Scatter3D" instance=ExtResource( 8 )]
transform = Transform( 0.281051, 0, -0.959693, 0, 1, 0, 0.959693, 0, 0.281051, -54.4492, 6.65374, -8 )

[node name="Tree69" parent="Scatter3D" instance=ExtResource( 8 )]
transform = Transform( -0.954938, 0, 0.296807, 0, 1, 0, -0.296807, 0, -0.954938, -54.5044, 6.24503, -8 )

[node name="Tree70" parent="Scatter3D" instance=ExtResource( 8 )]
transform = Transform( -0.340915, 0, 0.940094, 0, 1, 0, -0.940094, 0, -0.340915, -29.2282, 0, 22.3865 )

[node name="Tree71" parent="Scatter3D" instance=ExtResource( 8 )]
transform = Transform( -0.756028, 0, 0.65454, 0, 1, 0, -0.65454, 0, -0.756028, -11.6157, 0, 22.0681 )

[node name="Tree72" parent="Scatter3D" instance=ExtResource( 8 )]
transform = Transform( 0.464864, 0, 0.885382, 0, 1, 0, -0.885382, 0, 0.464864, -30.4342, 0, -6.54743 )

[node name="Tree73" parent="Scatter3D" instance=ExtResource( 8 )]
transform = Transform( -0.294387, 0, -0.955686, 0, 1, 0, 0.955686, 0, -0.294387, -64, 3.13832, 34.2319 )

[node name="Tree74" parent="Scatter3D" instance=ExtResource( 8 )]
transform = Transform( -0.644888, 0, 0.764277, 0, 1, 0, -0.764277, 0, -0.644888, -42.4994, 0, 43.7941 )

[node name="Tree75" parent="Scatter3D" instance=ExtResource( 8 )]
transform = Transform( 0.885585, 0, -0.464478, 0, 1, 0, 0.464478, 0, 0.885585, -29.0888, 0, 42.8327 )

[node name="Tree76" parent="Scatter3D" instance=ExtResource( 8 )]
transform = Transform( 0.294716, 0, 0.955585, 0, 1, 0, -0.955585, 0, 0.294716, -17.9921, -7.62939e-06, 52.698 )

[node name="Tree77" parent="Scatter3D" instance=ExtResource( 8 )]
transform = Transform( 0.143801, 0, -0.989607, 0, 1, 0, 0.989607, 0, 0.143801, -3.73654, 0, 54.5912 )

[node name="Tree78" parent="Scatter3D" instance=ExtResource( 8 )]
transform = Transform( -0.774648, 0, 0.632393, 0, 1, 0, -0.632393, 0, -0.774648, 15.1729, 8.00001, 61.1737 )

[node name="Tree79" parent="Scatter3D" instance=ExtResource( 8 )]
transform = Transform( -0.828749, 0, 0.55962, 0, 1, 0, -0.55962, 0, -0.828749, 24.1462, 8, 59.0439 )

[node name="Tree80" parent="Scatter3D" instance=ExtResource( 8 )]
transform = Transform( -0.459367, 0, 0.888247, 0, 1, 0, -0.888247, 0, -0.459367, 34.7335, 8.00002, 49.0925 )

[node name="Tree81" parent="Scatter3D" instance=ExtResource( 8 )]
transform = Transform( 0.583217, 0, 0.812316, 0, 1, 0, -0.812316, 0, 0.583217, 33.2556, 8.00001, 38.0585 )

[node name="Tree82" parent="Scatter3D" instance=ExtResource( 8 )]
transform = Transform( 0.325885, 0, -0.945409, 0, 1, 0, 0.945409, 0, 0.325885, 34.4112, 8, 32.0404 )

[node name="Tree83" parent="Scatter3D" instance=ExtResource( 8 )]
transform = Transform( 0.610098, 0, 0.792326, 0, 1, 0, -0.792326, 0, 0.610098, 25.849, 8, 21.5118 )

[node name="Tree84" parent="Scatter3D" instance=ExtResource( 8 )]
transform = Transform( -0.999664, 0, 0.0259246, 0, 1, 0, -0.0259246, 0, -0.999664, 11.8709, 8, 31.1221 )

[node name="Tree85" parent="Scatter3D" instance=ExtResource( 8 )]
transform = Transform( -0.913529, 0, -0.406775, 0, 1, 0, 0.406775, 0, -0.913529, 3.49208, 8.00002, 19.8012 )

[node name="Tree86" parent="Scatter3D" instance=ExtResource( 8 )]
transform = Transform( 0.9785, 0, -0.206247, 0, 1, 0, 0.206247, 0, 0.9785, 4.60323, 8, 10.2097 )

[node name="M16Pickup" parent="Scatter3D" instance=ExtResource( 15 )]
transform = Transform( 0.212814, 0, -0.977093, 0, 1, 0, 0.977093, 0, 0.212814, -20.9747, 0, 17.6821 )

[node name="M16Pickup2" parent="Scatter3D" instance=ExtResource( 15 )]
transform = Transform( -0.92064, 0, -0.390412, 0, 1, 0, 0.390412, 0, -0.92064, -20.9747, 0, 17.6821 )

[node name="M16Pickup3" parent="Scatter3D" instance=ExtResource( 15 )]
transform = Transform( -0.249466, 0, 0.968384, 0, 1, 0, -0.968384, 0, -0.249466, -20.9747, 0, 17.6821 )

[node name="M16Pickup4" parent="Scatter3D" instance=ExtResource( 15 )]
transform = Transform( -0.425571, 0, -0.904925, 0, 1, 0, 0.904925, 0, -0.425571, -20.9747, 0, 17.6821 )

[node name="M16Pickup5" parent="Scatter3D" instance=ExtResource( 15 )]
transform = Transform( -0.993337, 0, -0.115249, 0, 1, 0, 0.115249, 0, -0.993337, -67.2388, 0, 12.2511 )

[node name="M16Pickup6" parent="Scatter3D" instance=ExtResource( 15 )]
transform = Transform( -0.817158, 0, -0.576414, 0, 1, 0, 0.576414, 0, -0.817158, -67.2388, 0, 12.2511 )

[node name="M16Pickup7" parent="Scatter3D" instance=ExtResource( 15 )]
transform = Transform( 0.359504, 0, 0.933144, 0, 1, 0, -0.933144, 0, 0.359504, -67.2388, 0, 12.2511 )

[node name="M16Pickup8" parent="Scatter3D" instance=ExtResource( 15 )]
transform = Transform( -0.939064, 0, -0.343742, 0, 1, 0, 0.343742, 0, -0.939064, -67.2388, 0, 12.2511 )

[node name="M16Pickup9" parent="Scatter3D" instance=ExtResource( 15 )]
transform = Transform( 0.892369, 0, -0.451307, 0, 1, 0, 0.451307, 0, 0.892369, -67.2388, 0, 12.2511 )

[node name="M16Pickup10" parent="Scatter3D" instance=ExtResource( 15 )]
transform = Transform( 0.481601, 0, 0.876391, 0, 1, 0, -0.876391, 0, 0.481601, 5.62134, -3.8147e-06, -109.042 )

[node name="M16Pickup11" parent="Scatter3D" instance=ExtResource( 15 )]
transform = Transform( 0.986614, 0, -0.163072, 0, 1, 0, 0.163072, 0, 0.986614, 5.62134, -3.8147e-06, -109.042 )

[node name="M16Pickup12" parent="Scatter3D" instance=ExtResource( 15 )]
transform = Transform( 0.998183, 0, -0.0602513, 0, 1, 0, 0.0602513, 0, 0.998183, 5.62134, -3.8147e-06, -109.042 )

[node name="M16Pickup13" parent="Scatter3D" instance=ExtResource( 15 )]
transform = Transform( -0.563053, 0, -0.826421, 0, 1, 0, 0.826421, 0, -0.563053, 5.62134, -3.8147e-06, -109.042 )

[node name="Tree87" parent="Scatter3D" instance=ExtResource( 8 )]
transform = Transform( 0.888562, 0, 0.458756, 0, 1, 0, -0.458756, 0, 0.888562, 36.407, 8, 27.5189 )

[node name="Grass" parent="Scatter3D" instance=ExtResource( 7 )]
transform = Transform( 0.990966, 0, -0.134113, 0, 1, 0, 0.134113, 0, 0.990966, -5.38635, 0, -66.2129 )

[node name="Grass2" parent="Scatter3D" instance=ExtResource( 7 )]
transform = Transform( 0.148658, 0, -0.988889, 0, 1, 0, 0.988889, 0, 0.148658, -5.38635, 0, -66.2129 )

[node name="Grass3" parent="Scatter3D" instance=ExtResource( 7 )]
transform = Transform( -0.118289, 0, 0.992979, 0, 1, 0, -0.992979, 0, -0.118289, -5.38635, 0, -66.2129 )

[node name="Grass4" parent="Scatter3D" instance=ExtResource( 7 )]
transform = Transform( -0.173431, 0, 0.984846, 0, 1, 0, -0.984846, 0, -0.173431, -5.38635, 0, -66.2129 )

[node name="Grass5" parent="Scatter3D" instance=ExtResource( 7 )]
transform = Transform( 0.998071, 0, 0.0620776, 0, 1, 0, -0.0620776, 0, 0.998071, 3.9591, 0, -60.5773 )

[node name="Grass6" parent="Scatter3D" instance=ExtResource( 7 )]
transform = Transform( -0.554416, 0, 0.83224, 0, 1, 0, -0.83224, 0, -0.554416, 3.9591, 0, -60.5773 )

[node name="Grass7" parent="Scatter3D" instance=ExtResource( 7 )]
transform = Transform( 0.618989, 0, -0.7854, 0, 1, 0, 0.7854, 0, 0.618989, 3.9591, 0, -60.5773 )

[node name="Grass8" parent="Scatter3D" instance=ExtResource( 7 )]
transform = Transform( -0.304859, 0, -0.952398, 0, 1, 0, 0.952398, 0, -0.304859, 3.9591, 0, -60.5773 )

[node name="Grass9" parent="Scatter3D" instance=ExtResource( 7 )]
transform = Transform( 0.139929, 0, 0.990162, 0, 1, 0, -0.990162, 0, 0.139929, -4.44266, 0, -49.5855 )

[node name="Grass10" parent="Scatter3D" instance=ExtResource( 7 )]
transform = Transform( -0.964689, 0, -0.263391, 0, 1, 0, 0.263391, 0, -0.964689, -4.44266, 0, -49.5855 )

[node name="Grass11" parent="Scatter3D" instance=ExtResource( 7 )]
transform = Transform( -0.209888, 0, -0.977726, 0, 1, 0, 0.977726, 0, -0.209888, -4.44266, 0, -49.5855 )

[node name="Grass12" parent="Scatter3D" instance=ExtResource( 7 )]
transform = Transform( 0.31116, 0, 0.950358, 0, 1, 0, -0.950358, 0, 0.31116, -4.44266, 0, -49.5855 )

[node name="Grass13" parent="Scatter3D" instance=ExtResource( 7 )]
transform = Transform( 0.379433, 0, 0.925219, 0, 1, 0, -0.925219, 0, 0.379433, 7.46479, 0, -57.61 )

[node name="Grass14" parent="Scatter3D" instance=ExtResource( 7 )]
transform = Transform( -0.601776, 0, 0.798665, 0, 1, 0, -0.798665, 0, -0.601776, 7.46479, 0, -57.61 )

[node name="Grass15" parent="Scatter3D" instance=ExtResource( 7 )]
transform = Transform( 0.685634, 0, 0.727946, 0, 1, 0, -0.727946, 0, 0.685634, 7.46479, 0, -57.61 )

[node name="Grass16" parent="Scatter3D" instance=ExtResource( 7 )]
transform = Transform( 0.274705, 0, 0.961529, 0, 1, 0, -0.961529, 0, 0.274705, 7.46479, 0, -57.61 )

[node name="Grass17" parent="Scatter3D" instance=ExtResource( 7 )]
transform = Transform( 0.582082, 0, -0.81313, 0, 1, 0, 0.81313, 0, 0.582082, 4.26059, 0, -52.714 )

[node name="Grass18" parent="Scatter3D" instance=ExtResource( 7 )]
transform = Transform( 0.955487, 0, 0.295032, 0, 1, 0, -0.295032, 0, 0.955487, 4.26059, 0, -52.714 )

[node name="Grass19" parent="Scatter3D" instance=ExtResource( 7 )]
transform = Transform( 0.430227, 0, 0.902721, 0, 1, 0, -0.902721, 0, 0.430227, 4.26059, 0, -52.714 )

[node name="Grass20" parent="Scatter3D" instance=ExtResource( 7 )]
transform = Transform( -0.99252, 0, -0.122082, 0, 1, 0, 0.122082, 0, -0.99252, 4.26059, 0, -52.714 )

[node name="Grass21" parent="Scatter3D" instance=ExtResource( 7 )]
transform = Transform( -0.933842, 0, -0.357686, 0, 1, 0, 0.357686, 0, -0.933842, 8.3985, 0, -67.0594 )

[node name="Grass22" parent="Scatter3D" instance=ExtResource( 7 )]
transform = Transform( 0.996889, 0, 0.0788243, 0, 1, 0, -0.0788243, 0, 0.996889, 8.3985, 0, -67.0594 )

[node name="Grass23" parent="Scatter3D" instance=ExtResource( 7 )]
transform = Transform( -0.446007, 0, 0.895029, 0, 1, 0, -0.895029, 0, -0.446007, 8.3985, 0, -67.0594 )

[node name="Grass24" parent="Scatter3D" instance=ExtResource( 7 )]
transform = Transform( 0.499793, 0, 0.866145, 0, 1, 0, -0.866145, 0, 0.499793, 8.3985, 0, -67.0594 )

[node name="Grass25" parent="Scatter3D" instance=ExtResource( 7 )]
transform = Transform( -0.981311, 0, 0.192428, 0, 1, 0, -0.192428, 0, -0.981311, 5.47603, -4.76837e-07, -64.7566 )

[node name="Grass26" parent="Scatter3D" instance=ExtResource( 7 )]
transform = Transform( -0.998558, 0, -0.0536776, 0, 1, 0, 0.0536776, 0, -0.998558, 5.47603, -4.76837e-07, -64.7566 )

[node name="Grass27" parent="Scatter3D" instance=ExtResource( 7 )]
transform = Transform( -0.939236, 0, -0.343273, 0, 1, 0, 0.343273, 0, -0.939236, 5.47603, -4.76837e-07, -64.7566 )

[node name="Grass28" parent="Scatter3D" instance=ExtResource( 7 )]
transform = Transform( -0.175264, 0, 0.984521, 0, 1, 0, -0.984521, 0, -0.175264, -6.58502, 9.53674e-07, -53.6338 )

[node name="Grass29" parent="Scatter3D" instance=ExtResource( 7 )]
transform = Transform( -0.200608, 0, -0.979672, 0, 1, 0, 0.979672, 0, -0.200608, -6.58425, 0, -53.6337 )

[node name="Grass30" parent="Scatter3D" instance=ExtResource( 7 )]
transform = Transform( 0.752032, 0, -0.659127, 0, 1, 0, 0.659127, 0, 0.752032, -6.58369, 0, -53.6336 )

[node name="Grass31" parent="Scatter3D" instance=ExtResource( 7 )]
transform = Transform( 0.854954, 0, 0.518703, 0, 1, 0, -0.518703, 0, 0.854954, -6.58333, -9.53674e-07, -53.6336 )

[node name="Grass32" parent="Scatter3D" instance=ExtResource( 7 )]
transform = Transform( 0.184166, 0, -0.982895, 0, 1, 0, 0.982895, 0, 0.184166, -6.58333, -9.53674e-07, -53.6336 )

[node name="Grass33" parent="Scatter3D" instance=ExtResource( 7 )]
transform = Transform( -0.998845, 0, -0.0480547, 0, 1, 0, 0.0480547, 0, -0.998845, -5.74677, 0, -52.9998 )

[node name="Grass34" parent="Scatter3D" instance=ExtResource( 7 )]
transform = Transform( -0.96863, 0, 0.248509, 0, 1, 0, -0.248509, 0, -0.96863, -5.74677, 0, -52.9998 )

[node name="Grass35" parent="Scatter3D" instance=ExtResource( 7 )]
transform = Transform( -0.625607, 0, 0.780139, 0, 1, 0, -0.780139, 0, -0.625607, -4.79461, 9.53674e-07, -52.4414 )

[node name="Grass36" parent="Scatter3D" instance=ExtResource( 7 )]
transform = Transform( -0.497373, 0, 0.867537, 0, 1, 0, -0.867537, 0, -0.497373, -4.79461, 9.53674e-07, -52.4414 )

[node name="Grass37" parent="Scatter3D" instance=ExtResource( 7 )]
transform = Transform( -0.352192, 0, -0.935928, 0, 1, 0, 0.935928, 0, -0.352192, -4.79461, 9.53674e-07, -52.4414 )

[node name="Grass38" parent="Scatter3D" instance=ExtResource( 7 )]
transform = Transform( 0.870681, 0, -0.491848, 0, 1, 0, 0.491848, 0, 0.870681, -1.79162, 0, -52.0252 )

[node name="Grass39" parent="Scatter3D" instance=ExtResource( 7 )]
transform = Transform( 0.820748, 0, -0.571291, 0, 1, 0, 0.571291, 0, 0.820748, -1.79162, 0, -52.0252 )

[node name="Grass40" parent="Scatter3D" instance=ExtResource( 7 )]
transform = Transform( -0.77123, 0, 0.636556, 0, 1, 0, -0.636556, 0, -0.77123, -1.79162, 0, -52.0252 )

[node name="Grass41" parent="Scatter3D" instance=ExtResource( 7 )]
transform = Transform( -0.372159, 0, 0.928169, 0, 1, 0, -0.928169, 0, -0.372159, -1.79162, 0, -52.0252 )

[node name="Grass42" parent="Scatter3D" instance=ExtResource( 7 )]
transform = Transform( -0.852905, 0, -0.522066, 0, 1, 0, 0.522066, 0, -0.852905, 0.608133, 0, -52.1374 )

[node name="Grass43" parent="Scatter3D" instance=ExtResource( 7 )]
transform = Transform( -0.960262, 0, 0.279099, 0, 1, 0, -0.279099, 0, -0.960262, 0.608133, 0, -52.1374 )

[node name="Grass44" parent="Scatter3D" instance=ExtResource( 7 )]
transform = Transform( 0.10932, 0, 0.994007, 0, 1, 0, -0.994007, 0, 0.10932, 0.608133, 0, -52.1374 )

[node name="Grass45" parent="Scatter3D" instance=ExtResource( 7 )]
transform = Transform( -0.35253, 0, -0.9358, 0, 1, 0, 0.9358, 0, -0.35253, 0.608133, 0, -52.1374 )

[node name="Grass46" parent="Scatter3D" instance=ExtResource( 7 )]
transform = Transform( 0.909419, 0, 0.415882, 0, 1, 0, -0.415882, 0, 0.909419, 0.608133, 0, -52.1374 )

[node name="Grass47" parent="Scatter3D" instance=ExtResource( 7 )]
transform = Transform( 0.999448, 0, 0.0332261, 0, 1, 0, -0.0332261, 0, 0.999448, 4.91177, 0, -52.4878 )

[node name="Grass48" parent="Scatter3D" instance=ExtResource( 7 )]
transform = Transform( 0.89793, 0, -0.440139, 0, 1, 0, 0.440139, 0, 0.89793, 4.91177, 0, -52.4878 )

[node name="Grass49" parent="Scatter3D" instance=ExtResource( 7 )]
transform = Transform( 0.693431, 0, 0.720523, 0, 1, 0, -0.720523, 0, 0.693431, 4.91177, 0, -52.4878 )

[node name="Grass50" parent="Scatter3D" instance=ExtResource( 7 )]
transform = Transform( 0.765714, 0, -0.643181, 0, 1, 0, 0.643181, 0, 0.765714, 4.91177, 0, -52.4878 )

[node name="Grass51" parent="Scatter3D" instance=ExtResource( 7 )]
transform = Transform( -0.874082, 0, -0.485778, 0, 1, 0, 0.485778, 0, -0.874082, 4.91177, 0, -52.4878 )

[node name="Grass52" parent="Scatter3D" instance=ExtResource( 7 )]
transform = Transform( 0.720302, 0, -0.693661, 0, 1, 0, 0.693661, 0, 0.720302, 4.91177, 0, -52.4878 )

[node name="Grass53" parent="Scatter3D" instance=ExtResource( 7 )]
transform = Transform( -0.831093, 0, 0.556133, 0, 1, 0, -0.556133, 0, -0.831093, 8.62064, 0, -53.2291 )

[node name="Grass54" parent="Scatter3D" instance=ExtResource( 7 )]
transform = Transform( -0.371711, 0, -0.928348, 0, 1, 0, 0.928348, 0, -0.371711, 8.62064, 0, -53.2291 )

[node name="Grass55" parent="Scatter3D" instance=ExtResource( 7 )]
transform = Transform( 0.873383, 0, -0.487034, 0, 1, 0, 0.487034, 0, 0.873383, 8.62064, 0, -53.2291 )

[node name="Grass56" parent="Scatter3D" instance=ExtResource( 7 )]
transform = Transform( -0.971388, 0, -0.2375, 0, 1, 0, 0.2375, 0, -0.971388, 8.62064, 0, -53.2291 )

[node name="Grass57" parent="Scatter3D" instance=ExtResource( 7 )]
transform = Transform( 0.696472, 0, 0.717584, 0, 1, 0, -0.717584, 0, 0.696472, 8.62064, 0, -53.2291 )

[node name="Grass58" parent="Scatter3D" instance=ExtResource( 7 )]
transform = Transform( 0.939397, 0, 0.342832, 0, 1, 0, -0.342832, 0, 0.939397, 8.62064, 0, -53.2291 )

[node name="Grass59" parent="Scatter3D" instance=ExtResource( 7 )]
transform = Transform( -0.930206, 0, 0.367038, 0, 1, 0, -0.367038, 0, -0.930206, 8.62064, 0, -53.2291 )

[node name="Grass60" parent="Scatter3D" instance=ExtResource( 7 )]
transform = Transform( 0.999717, 0, -0.0237942, 0, 1, 0, 0.0237942, 0, 0.999717, 8.62064, 0, -53.2291 )

[node name="Grass61" parent="Scatter3D" instance=ExtResource( 7 )]
transform = Transform( -0.46935, 0, -0.883012, 0, 1, 0, 0.883012, 0, -0.46935, 13.0457, 0, -55.5611 )

[node name="Grass62" parent="Scatter3D" instance=ExtResource( 7 )]
transform = Transform( -0.535003, 0, 0.84485, 0, 1, 0, -0.84485, 0, -0.535003, 13.0457, 0, -55.5611 )

[node name="Grass63" parent="Scatter3D" instance=ExtResource( 7 )]
transform = Transform( 0.99998, 0, -0.00630992, 0, 1, 0, 0.00630992, 0, 0.99998, 13.0457, 0, -55.5611 )

[node name="Grass64" parent="Scatter3D" instance=ExtResource( 7 )]
transform = Transform( 0.999562, 0, 0.0295849, 0, 1, 0, -0.0295849, 0, 0.999562, 13.0457, 0, -55.5611 )

[node name="Grass65" parent="Scatter3D" instance=ExtResource( 7 )]
transform = Transform( 0.0365344, 0, -0.999332, 0, 1, 0, 0.999332, 0, 0.0365344, 13.0457, 0, -55.5611 )

[node name="Grass66" parent="Scatter3D" instance=ExtResource( 7 )]
transform = Transform( 0.321799, 0, -0.946808, 0, 1, 0, 0.946808, 0, 0.321799, 13.0457, 0, -55.5611 )

[node name="Grass67" parent="Scatter3D" instance=ExtResource( 7 )]
transform = Transform( 0.252944, 0, 0.967481, 0, 1, 0, -0.967481, 0, 0.252944, 13.0457, 0, -55.5611 )

[node name="Grass68" parent="Scatter3D" instance=ExtResource( 7 )]
transform = Transform( -0.836891, 0, -0.547369, 0, 1, 0, 0.547369, 0, -0.836891, 13.0457, 0, -55.5611 )

[node name="Grass69" parent="Scatter3D" instance=ExtResource( 7 )]
transform = Transform( 0.639879, 0, -0.768475, 0, 1, 0, 0.768475, 0, 0.639879, 11.8124, 0, -58.1375 )

[node name="Grass70" parent="Scatter3D" instance=ExtResource( 7 )]
transform = Transform( 0.340776, 0, -0.940144, 0, 1, 0, 0.940144, 0, 0.340776, 11.8124, 0, -58.1375 )

[node name="Grass71" parent="Scatter3D" instance=ExtResource( 7 )]
transform = Transform( 0.114645, 0, 0.993407, 0, 1, 0, -0.993407, 0, 0.114645, 11.8124, 0, -58.1375 )

[node name="Grass72" parent="Scatter3D" instance=ExtResource( 7 )]
transform = Transform( -0.146707, 0, -0.98918, 0, 1, 0, 0.98918, 0, -0.146707, 11.8124, 0, -58.1375 )

[node name="Grass73" parent="Scatter3D" instance=ExtResource( 7 )]
transform = Transform( 0.84318, 0, -0.537632, 0, 1, 0, 0.537632, 0, 0.84318, 11.8124, 0, -58.1375 )

[node name="Grass74" parent="Scatter3D" instance=ExtResource( 7 )]
transform = Transform( 0.0291482, 0, -0.999575, 0, 1, 0, 0.999575, 0, 0.0291482, 11.8124, 0, -58.1375 )

[node name="Grass75" parent="Scatter3D" instance=ExtResource( 7 )]
transform = Transform( -0.100925, 0, 0.994894, 0, 1, 0, -0.994894, 0, -0.100925, 11.8124, 0, -58.1375 )

[node name="Grass76" parent="Scatter3D" instance=ExtResource( 7 )]
transform = Transform( 0.140054, 0, 0.990144, 0, 1, 0, -0.990144, 0, 0.140054, 11.8124, 0, -58.1375 )

[node name="Grass77" parent="Scatter3D" instance=ExtResource( 7 )]
transform = Transform( 0.459953, 0, 0.887943, 0, 1, 0, -0.887943, 0, 0.459953, 4.50083, 0, -57.8772 )

[node name="Grass78" parent="Scatter3D" instance=ExtResource( 7 )]
transform = Transform( -0.471929, 0, 0.881637, 0, 1, 0, -0.881637, 0, -0.471929, 4.50083, 0, -57.8772 )

[node name="Grass79" parent="Scatter3D" instance=ExtResource( 7 )]
transform = Transform( 0.878044, 0, 0.47858, 0, 1, 0, -0.47858, 0, 0.878044, 4.50083, 0, -57.8772 )

[node name="Grass80" parent="Scatter3D" instance=ExtResource( 7 )]
transform = Transform( 0.656573, 0, -0.754262, 0, 1, 0, 0.754262, 0, 0.656573, 4.50083, 0, -57.8772 )

[node name="Grass81" parent="Scatter3D" instance=ExtResource( 7 )]
transform = Transform( 0.225396, 0, 0.974267, 0, 1, 0, -0.974267, 0, 0.225396, 4.50083, 0, -57.8772 )

[node name="Grass82" parent="Scatter3D" instance=ExtResource( 7 )]
transform = Transform( -0.789056, 0, -0.614321, 0, 1, 0, 0.614321, 0, -0.789056, 4.50083, 0, -57.8772 )

[node name="Grass83" parent="Scatter3D" instance=ExtResource( 7 )]
transform = Transform( -0.124966, 0, -0.992161, 0, 1, 0, 0.992161, 0, -0.124966, 4.50083, 0, -57.8772 )

[node name="Grass84" parent="Scatter3D" instance=ExtResource( 7 )]
transform = Transform( 0.998265, 0, -0.0588884, 0, 1, 0, 0.0588884, 0, 0.998265, 4.50083, 0, -57.8772 )

[node name="Grass85" parent="Scatter3D" instance=ExtResource( 7 )]
transform = Transform( -0.959427, 0, -0.281957, 0, 1, 0, 0.281957, 0, -0.959427, -1.83991, 0, -60.0516 )

[node name="Grass86" parent="Scatter3D" instance=ExtResource( 7 )]
transform = Transform( -0.896948, 0, 0.442137, 0, 1, 0, -0.442137, 0, -0.896948, -0.356723, 0, -61.0308 )

[node name="Grass87" parent="Scatter3D" instance=ExtResource( 7 )]
transform = Transform( -0.823316, 0, -0.567583, 0, 1, 0, 0.567583, 0, -0.823316, -0.356723, 0, -61.0308 )

[node name="Grass88" parent="Scatter3D" instance=ExtResource( 7 )]
transform = Transform( 0.772817, 0, -0.634629, 0, 1, 0, 0.634629, 0, 0.772817, 3.02557, 0, -62.7456 )

[node name="Grass89" parent="Scatter3D" instance=ExtResource( 7 )]
transform = Transform( 0.773826, 0, -0.633398, 0, 1, 0, 0.633398, 0, 0.773826, 3.02557, 0, -62.7456 )

[node name="Grass90" parent="Scatter3D" instance=ExtResource( 7 )]
transform = Transform( -0.418969, 0, -0.908001, 0, 1, 0, 0.908001, 0, -0.418969, 5.87911, 1.90735e-06, -64.1461 )

[node name="Grass91" parent="Scatter3D" instance=ExtResource( 7 )]
transform = Transform( -0.60331, 0, -0.797507, 0, 1, 0, 0.797507, 0, -0.60331, 5.87911, 1.90735e-06, -64.1461 )

[node name="Grass92" parent="Scatter3D" instance=ExtResource( 7 )]
transform = Transform( 0.844142, 0, 0.536119, 0, 1, 0, -0.536119, 0, 0.844142, 5.87911, 1.90735e-06, -64.1461 )

[node name="Grass93" parent="Scatter3D" instance=ExtResource( 7 )]
transform = Transform( 0.356938, 0, 0.934128, 0, 1, 0, -0.934128, 0, 0.356938, 9.18967, 0, -67.2195 )

[node name="Grass94" parent="Scatter3D" instance=ExtResource( 7 )]
transform = Transform( -0.984016, 0, 0.178079, 0, 1, 0, -0.178079, 0, -0.984016, 9.18967, 0, -67.2195 )

[node name="Grass95" parent="Scatter3D" instance=ExtResource( 7 )]
transform = Transform( -0.614705, 0, -0.788757, 0, 1, 0, 0.788757, 0, -0.614705, 9.18967, 0, -67.2195 )

[node name="Grass96" parent="Scatter3D" instance=ExtResource( 7 )]
transform = Transform( 0.0527724, 0, 0.998607, 0, 1, 0, -0.998607, 0, 0.0527724, 9.18967, 0, -67.2195 )

[node name="Grass97" parent="Scatter3D" instance=ExtResource( 7 )]
transform = Transform( -0.435666, 0, -0.900108, 0, 1, 0, 0.900108, 0, -0.435666, 9.18967, 0, -67.2195 )

[node name="Grass98" parent="Scatter3D" instance=ExtResource( 7 )]
transform = Transform( 0.565874, 0, 0.824492, 0, 1, 0, -0.824492, 0, 0.565874, 10.1797, 9.53674e-07, -70.4263 )

[node name="Grass99" parent="Scatter3D" instance=ExtResource( 7 )]
transform = Transform( 0.000636891, 0, -1, 0, 1, 0, 1, 0, 0.000636891, 10.1797, 9.53674e-07, -70.4263 )

[node name="Grass100" parent="Scatter3D" instance=ExtResource( 7 )]
transform = Transform( 0.95172, 0, -0.306968, 0, 1, 0, 0.306968, 0, 0.95172, 10.1797, 9.53674e-07, -70.4263 )

[node name="Grass101" parent="Scatter3D" instance=ExtResource( 7 )]
transform = Transform( 0.989054, 0, 0.147555, 0, 1, 0, -0.147555, 0, 0.989054, 10.1797, 9.53674e-07, -70.4263 )

[node name="Grass102" parent="Scatter3D" instance=ExtResource( 7 )]
transform = Transform( 0.327976, 0, 0.944686, 0, 1, 0, -0.944686, 0, 0.327976, 10.1797, 9.53674e-07, -70.4263 )

[node name="Grass103" parent="Scatter3D" instance=ExtResource( 7 )]
transform = Transform( 0.0789865, 0, 0.996876, 0, 1, 0, -0.996876, 0, 0.0789865, 10.1797, 9.53674e-07, -70.4263 )

[node name="Grass104" parent="Scatter3D" instance=ExtResource( 7 )]
transform = Transform( 0.856842, 0, 0.51558, 0, 1, 0, -0.51558, 0, 0.856842, 10.1797, 9.53674e-07, -70.4263 )

[node name="Grass105" parent="Scatter3D" instance=ExtResource( 7 )]
transform = Transform( -0.691657, 0, 0.722226, 0, 1, 0, -0.722226, 0, -0.691657, 10.1797, 9.53674e-07, -70.4263 )

[node name="Grass106" parent="Scatter3D" instance=ExtResource( 7 )]
transform = Transform( 0.607539, 0, 0.79429, 0, 1, 0, -0.79429, 0, 0.607539, -1.49621, 0, -67.2097 )

[node name="Grass107" parent="Scatter3D" instance=ExtResource( 7 )]
transform = Transform( -0.895081, 0, -0.445904, 0, 1, 0, 0.445904, 0, -0.895081, -1.49621, 0, -67.2097 )

[node name="Grass108" parent="Scatter3D" instance=ExtResource( 7 )]
transform = Transform( 0.0319861, 0, -0.999488, 0, 1, 0, 0.999488, 0, 0.0319861, -1.49621, 0, -67.2097 )

[node name="Grass109" parent="Scatter3D" instance=ExtResource( 7 )]
transform = Transform( 0.540939, 0, -0.841062, 0, 1, 0, 0.841062, 0, 0.540939, -1.49621, 0, -67.2097 )

[node name="Grass110" parent="Scatter3D" instance=ExtResource( 7 )]
transform = Transform( 0.534261, 0, 0.84532, 0, 1, 0, -0.84532, 0, 0.534261, -1.49621, 0, -67.2097 )

[node name="Grass111" parent="Scatter3D" instance=ExtResource( 7 )]
transform = Transform( 0.999707, 0, 0.0242244, 0, 1, 0, -0.0242244, 0, 0.999707, -1.49621, 0, -67.2097 )

[node name="Grass112" parent="Scatter3D" instance=ExtResource( 7 )]
transform = Transform( 0.231751, 0, -0.972775, 0, 1, 0, 0.972775, 0, 0.231751, -1.49621, 0, -67.2097 )

[node name="Grass113" parent="Scatter3D" instance=ExtResource( 7 )]
transform = Transform( 0.674055, 0, -0.738682, 0, 1, 0, 0.738682, 0, 0.674055, -1.49621, 0, -67.2097 )

[node name="Grass114" parent="Scatter3D" instance=ExtResource( 7 )]
transform = Transform( -0.401902, 0, -0.915683, 0, 1, 0, 0.915683, 0, -0.401902, -13.1742, 0, -57.9975 )

