[gd_scene load_steps=19 format=2]

[ext_resource path="res://entities/level/Level.gd" type="Script" id=1]
[ext_resource path="res://entities/navigation/NavMesh.tscn" type="PackedScene" id=2]
[ext_resource path="res://entities/manager/GameTimer.tscn" type="PackedScene" id=3]
[ext_resource path="res://entities/manager/manager.tscn" type="PackedScene" id=4]
[ext_resource path="res://entities/challenges/ChallengeAnimeContainer.tscn" type="PackedScene" id=5]
[ext_resource path="res://entities/PlayerSpawn/PlayerSpawn.tscn" type="PackedScene" id=6]
[ext_resource path="res://resources/sky_env.tres" type="Environment" id=7]
[ext_resource path="res://entities/tree/Tree.tscn" type="PackedScene" id=8]
[ext_resource path="res://entities/navigation/Barrel.tscn" type="PackedScene" id=9]
[ext_resource path="res://entities/actors/enemies/enemy.tscn" type="PackedScene" id=10]
[ext_resource path="res://entities/particles/Dust.tscn" type="PackedScene" id=11]
[ext_resource path="res://addons/zylann.scatter/scatter3d.gd" type="Script" id=12]
[ext_resource path="res://entities/pickups/ShotgunPickup.tscn" type="PackedScene" id=13]
[ext_resource path="res://assets/mixamo/mannequin/textures/Ch36_1001_Specular.png" type="Texture" id=14]
[ext_resource path="res://entities/pickups/M16Pickup.tscn" type="PackedScene" id=15]

[sub_resource type="OpenSimplexNoise" id=1]
seed = 4
octaves = 9
period = 165.1
persistence = 0.815

[sub_resource type="NoiseTexture" id=2]
seamless = true
noise = SubResource( 1 )

[sub_resource type="SpatialMaterial" id=3]
resource_local_to_scene = true
resource_name = "Ch36_Body"
params_cull_mode = 2
albedo_color = Color( 0.784314, 0.67451, 0.67451, 1 )
albedo_texture = SubResource( 2 )
metallic_specular = 1.0
metallic_texture = ExtResource( 14 )
roughness = 0.0372549

[node name="Forest" type="Navigation"]
script = ExtResource( 1 )
level = "Forest"

[node name="Manager" parent="." instance=ExtResource( 4 )]
transform = Transform( 0.99969, -0.0249033, 1.67155e-09, 0.024881, 0.998793, 0.0423465, -0.00105457, -0.0423333, 0.999103, 0, 6.82457, 0 )

[node name="GameTimer" parent="." instance=ExtResource( 3 )]
wait_time = 180.0

[node name="ChallengeAnimeContainer" parent="." instance=ExtResource( 5 )]

[node name="PlayerSpawn" parent="." instance=ExtResource( 6 )]

[node name="WorldEnvironment" type="WorldEnvironment" parent="."]
environment = ExtResource( 7 )

[node name="Scatter3D" type="Spatial" parent="."]
script = ExtResource( 12 )
_scenes = [ ExtResource( 8 ), ExtResource( 11 ), ExtResource( 15 ) ]

[node name="Tree" parent="Scatter3D" instance=ExtResource( 8 )]
transform = Transform( -0.998268, 0, -0.0588336, 0, 1, 0, 0.0588336, 0, -0.998268, 16.9655, -1.90735e-06, -21.6403 )

[node name="Tree8" parent="Scatter3D" instance=ExtResource( 8 )]
transform = Transform( 0.706445, 0, -0.707768, 0, 1, 0, 0.707768, 0, 0.706445, -15.9547, -1.90735e-06, -52.9175 )

[node name="Tree9" parent="Scatter3D" instance=ExtResource( 8 )]
transform = Transform( 0.7675, 0, 0.641049, 0, 1, 0, -0.641049, 0, 0.7675, -17.8656, -1.90735e-06, -69.7784 )

[node name="Tree10" parent="Scatter3D" instance=ExtResource( 8 )]
transform = Transform( 0.951108, 0, -0.308859, 0, 1, 0, 0.308859, 0, 0.951108, -2.57785, -1.90735e-06, -71.03 )

[node name="Tree11" parent="Scatter3D" instance=ExtResource( 8 )]
transform = Transform( -0.644099, 0, -0.764942, 0, 1, 0, 0.764942, 0, -0.644099, 6.26987, 0.217001, -80 )

[node name="Tree12" parent="Scatter3D" instance=ExtResource( 8 )]
transform = Transform( 0.116124, 0, -0.993235, 0, 1, 0, 0.993235, 0, 0.116124, 15.0229, 1.90735e-06, -77.9407 )

[node name="Tree13" parent="Scatter3D" instance=ExtResource( 8 )]
transform = Transform( 0.716075, 0, -0.698023, 0, 1, 0, 0.698023, 0, 0.716075, 20.542, -1.90735e-06, -77.6067 )

[node name="Tree17" parent="Scatter3D" instance=ExtResource( 8 )]
transform = Transform( -0.491131, 0, -0.871086, 0, 1, 0, 0.871086, 0, -0.491131, 35.4514, 1.90735e-06, -56.4152 )

[node name="Tree18" parent="Scatter3D" instance=ExtResource( 8 )]
transform = Transform( 0.994196, 0, -0.107581, 0, 1, 0, 0.107581, 0, 0.994196, 36.1798, 0, -52.6654 )

[node name="Tree19" parent="Scatter3D" instance=ExtResource( 8 )]
transform = Transform( -0.694593, 0, -0.719403, 0, 1, 0, 0.719403, 0, -0.694593, 33.8873, 1.90735e-06, -50.5708 )

[node name="Tree20" parent="Scatter3D" instance=ExtResource( 8 )]
transform = Transform( -0.886139, 0, -0.463419, 0, 1, 0, 0.463419, 0, -0.886139, 25.6455, 1.90735e-06, -38.6418 )

[node name="Tree21" parent="Scatter3D" instance=ExtResource( 8 )]
transform = Transform( 0.990966, 0, -0.134113, 0, 1, 0, 0.134113, 0, 0.990966, 26.6326, 0, -32.7444 )

[node name="Tree23" parent="Scatter3D" instance=ExtResource( 8 )]
transform = Transform( -0.118289, 0, 0.992979, 0, 1, 0, -0.992979, 0, -0.118289, 0.373924, 0, -56.9228 )

[node name="Tree24" parent="Scatter3D" instance=ExtResource( 8 )]
transform = Transform( -0.173431, 0, 0.984846, 0, 1, 0, -0.984846, 0, -0.173431, -43.699, 0, -54.971 )

[node name="Tree25" parent="Scatter3D" instance=ExtResource( 8 )]
transform = Transform( 0.998071, 0, 0.0620776, 0, 1, 0, -0.0620776, 0, 0.998071, 31.7233, 0, -100.471 )

[node name="Tree26" parent="Scatter3D" instance=ExtResource( 8 )]
transform = Transform( -0.554416, 0, 0.83224, 0, 1, 0, -0.83224, 0, -0.554416, 36.7323, 0, -92.3741 )

[node name="Tree5" parent="Scatter3D" instance=ExtResource( 8 )]
transform = Transform( 0.618989, 0, -0.7854, 0, 1, 0, 0.7854, 0, 0.618989, 9.82079, 3.8147e-06, -35.94 )

[node name="Tree6" parent="Scatter3D" instance=ExtResource( 8 )]
transform = Transform( 0.139929, 0, 0.990162, 0, 1, 0, -0.990162, 0, 0.139929, 46.5984, 8, -36.1785 )

[node name="Tree7" parent="Scatter3D" instance=ExtResource( 8 )]
transform = Transform( -0.964689, 0, -0.263391, 0, 1, 0, 0.263391, 0, -0.964689, 44.0437, 8.00004, -28.6857 )

[node name="Tree14" parent="Scatter3D" instance=ExtResource( 8 )]
transform = Transform( -0.209888, 0, -0.977726, 0, 1, 0, 0.977726, 0, -0.209888, 39.3858, 8.00005, -22.9226 )

[node name="Tree15" parent="Scatter3D" instance=ExtResource( 8 )]
transform = Transform( 0.31116, 0, 0.950358, 0, 1, 0, -0.950358, 0, 0.31116, 8.83545, 8, -17.9744 )

[node name="Tree16" parent="Scatter3D" instance=ExtResource( 8 )]
transform = Transform( 0.379433, 0, 0.925219, 0, 1, 0, -0.925219, 0, 0.379433, -11.8448, 8, -28.5115 )

[node name="Tree22" parent="Scatter3D" instance=ExtResource( 8 )]
transform = Transform( -0.601776, 0, 0.798665, 0, 1, 0, -0.798665, 0, -0.601776, -18.6198, 8, -32.6496 )

[node name="Tree27" parent="Scatter3D" instance=ExtResource( 8 )]
transform = Transform( 0.685634, 0, 0.727946, 0, 1, 0, -0.727946, 0, 0.685634, -17.5216, 8, -37.7327 )

[node name="Tree28" parent="Scatter3D" instance=ExtResource( 8 )]
transform = Transform( 0.274705, 0, 0.961529, 0, 1, 0, -0.961529, 0, 0.274705, -6.10545, 8, -31.1584 )

[node name="Tree29" parent="Scatter3D" instance=ExtResource( 8 )]
transform = Transform( 0.582082, 0, -0.81313, 0, 1, 0, 0.81313, 0, 0.582082, -11.9154, 8.00016, -77.9341 )

[node name="Tree30" parent="Scatter3D" instance=ExtResource( 8 )]
transform = Transform( 0.955487, 0, 0.295032, 0, 1, 0, -0.295032, 0, 0.955487, -2.45329, 8, -81.3578 )

[node name="Tree31" parent="Scatter3D" instance=ExtResource( 8 )]
transform = Transform( 0.430227, 0, 0.902721, 0, 1, 0, -0.902721, 0, 0.430227, 6.49496, 8, -85.4033 )

[node name="Tree32" parent="Scatter3D" instance=ExtResource( 8 )]
transform = Transform( -0.99252, 0, -0.122082, 0, 1, 0, 0.122082, 0, -0.99252, 24.1825, 8.00008, -113.283 )

[node name="Tree33" parent="Scatter3D" instance=ExtResource( 8 )]
transform = Transform( -0.933842, 0, -0.357686, 0, 1, 0, 0.357686, 0, -0.933842, 38.5352, 8, -125.114 )

[node name="Tree34" parent="Scatter3D" instance=ExtResource( 8 )]
transform = Transform( 0.996889, 0, 0.0788243, 0, 1, 0, -0.0788243, 0, 0.996889, 42.8687, 8.00164, -113.769 )

[node name="Tree35" parent="Scatter3D" instance=ExtResource( 8 )]
transform = Transform( -0.446007, 0, 0.895029, 0, 1, 0, -0.895029, 0, -0.446007, 43.4294, 8, -111.883 )

[node name="Tree2" parent="Scatter3D" instance=ExtResource( 8 )]
transform = Transform( -0.981311, 0, 0.192428, 0, 1, 0, -0.192428, 0, -0.981311, 36.6967, 8, -15.0305 )

[node name="Tree3" parent="Scatter3D" instance=ExtResource( 8 )]
transform = Transform( -0.998558, 0, -0.0536776, 0, 1, 0, 0.0536776, 0, -0.998558, 39.922, 8.00022, -15.2808 )

[node name="Tree4" parent="Scatter3D" instance=ExtResource( 8 )]
transform = Transform( -0.939236, 0, -0.343273, 0, 1, 0, 0.343273, 0, -0.939236, 43.8518, 8, -16.5909 )

[node name="Tree36" parent="Scatter3D" instance=ExtResource( 8 )]
transform = Transform( -0.961027, 0, 0.276453, 0, 1, 0, -0.276453, 0, -0.961027, 40.9775, 8.00006, -70.793 )

[node name="Tree37" parent="Scatter3D" instance=ExtResource( 8 )]
transform = Transform( -0.904883, 0, -0.42566, 0, 1, 0, 0.42566, 0, -0.904883, 41.5666, 8, -59.4564 )

[node name="Tree38" parent="Scatter3D" instance=ExtResource( 8 )]
transform = Transform( 0.704904, 0, -0.709303, 0, 1, 0, 0.709303, 0, 0.704904, 42.2115, 8, -48.4282 )

[node name="Tree39" parent="Scatter3D" instance=ExtResource( 8 )]
transform = Transform( 0.59469, 0, -0.803955, 0, 1, 0, 0.803955, 0, 0.59469, 11.0071, 8, -22.7062 )

[node name="Tree40" parent="Scatter3D" instance=ExtResource( 8 )]
transform = Transform( -0.0771603, 0, -0.997019, 0, 1, 0, 0.997019, 0, -0.0771603, 15.4762, 8, -14.5981 )

[node name="Tree41" parent="Scatter3D" instance=ExtResource( 8 )]
transform = Transform( -0.774044, 0, 0.633132, 0, 1, 0, -0.633132, 0, -0.774044, 12.9957, 8, -9.3256 )

[node name="Tree42" parent="Scatter3D" instance=ExtResource( 8 )]
transform = Transform( -0.998083, 0, 0.0618865, 0, 1, 0, -0.0618865, 0, -0.998083, -7.99999, 3.27734, -10.0965 )

[node name="Tree43" parent="Scatter3D" instance=ExtResource( 8 )]
transform = Transform( 0.999337, 0, 0.0364097, 0, 1, 0, -0.0364097, 0, 0.999337, 0.762539, 8, -15.8139 )

[node name="Tree44" parent="Scatter3D" instance=ExtResource( 8 )]
transform = Transform( 0.25687, 0, 0.966446, 0, 1, 0, -0.966446, 0, 0.25687, -19.5783, 8, -26.1009 )

[node name="Tree45" parent="Scatter3D" instance=ExtResource( 8 )]
transform = Transform( -0.947272, 0, -0.32043, 0, 1, 0, 0.32043, 0, -0.947272, -2.29931, 8.00542, -38.9772 )

[node name="Tree46" parent="Scatter3D" instance=ExtResource( 8 )]
transform = Transform( 0.76941, 0, -0.638755, 0, 1, 0, 0.638755, 0, 0.76941, -35.5012, 8, -73.2574 )

[node name="Tree47" parent="Scatter3D" instance=ExtResource( 8 )]
transform = Transform( -0.154047, 0, 0.988063, 0, 1, 0, -0.988063, 0, -0.154047, -35.6348, 8, -64.9459 )

[node name="Tree48" parent="Scatter3D" instance=ExtResource( 8 )]
transform = Transform( -0.00731907, 0, -0.999973, 0, 1, 0, 0.999973, 0, -0.00731907, -48.7228, 8.00033, -57.1387 )

[node name="Tree49" parent="Scatter3D" instance=ExtResource( 8 )]
transform = Transform( -0.831066, 0, -0.556173, 0, 1, 0, 0.556173, 0, -0.831066, -48.3343, 8.00001, -47.0192 )

[node name="Tree50" parent="Scatter3D" instance=ExtResource( 8 )]
transform = Transform( -0.72733, 0, -0.686288, 0, 1, 0, 0.686288, 0, -0.72733, -48, 6.96427, -34.1199 )

[node name="Tree51" parent="Scatter3D" instance=ExtResource( 8 )]
transform = Transform( 0.755375, 0, 0.655292, 0, 1, 0, -0.655292, 0, 0.755375, -48, 7.61322, -21.2608 )

[node name="Tree52" parent="Scatter3D" instance=ExtResource( 8 )]
transform = Transform( 0.91794, 0, -0.39672, 0, 1, 0, 0.39672, 0, 0.91794, -48, 5.24555, -17.6332 )

[node name="Tree53" parent="Scatter3D" instance=ExtResource( 8 )]
transform = Transform( -0.155553, 0, 0.987827, 0, 1, 0, -0.987827, 0, -0.155553, -32.0696, 8.00022, -13.1295 )

[node name="Tree54" parent="Scatter3D" instance=ExtResource( 8 )]
transform = Transform( 0.608086, 0, -0.793871, 0, 1, 0, 0.793871, 0, 0.608086, -32, 7.42809, -18.7381 )

[node name="Tree55" parent="Scatter3D" instance=ExtResource( 8 )]
transform = Transform( 0.72182, 0, -0.692081, 0, 1, 0, 0.692081, 0, 0.72182, -32, 7.41018, -26.3965 )

[node name="Tree56" parent="Scatter3D" instance=ExtResource( 8 )]
transform = Transform( 0.928873, 0, 0.370399, 0, 1, 0, -0.370399, 0, 0.928873, -32.296, 8, -31.2103 )

[node name="Tree57" parent="Scatter3D" instance=ExtResource( 8 )]
transform = Transform( -0.877565, 0, 0.479458, 0, 1, 0, -0.479458, 0, -0.877565, -60.39, 8, 5.23722 )

[node name="Tree58" parent="Scatter3D" instance=ExtResource( 8 )]
transform = Transform( -0.917017, 0, -0.398849, 0, 1, 0, 0.398849, 0, -0.917017, -71.236, 8, 3.12185 )

[node name="Tree59" parent="Scatter3D" instance=ExtResource( 8 )]
transform = Transform( -0.11682, 0, 0.993153, 0, 1, 0, -0.993153, 0, -0.11682, -88.5628, 8, 1.2435 )

[node name="Tree60" parent="Scatter3D" instance=ExtResource( 8 )]
transform = Transform( -0.707524, 0, -0.706689, 0, 1, 0, 0.706689, 0, -0.707524, -104, 7.7305, 12.3676 )

[node name="Tree61" parent="Scatter3D" instance=ExtResource( 8 )]
transform = Transform( 0.144385, 0, 0.989522, 0, 1, 0, -0.989522, 0, 0.144385, -99.9958, 8, 17.9852 )

[node name="Tree62" parent="Scatter3D" instance=ExtResource( 8 )]
transform = Transform( 0.0600173, 0, 0.998197, 0, 1, 0, -0.998197, 0, 0.0600173, -79.9966, 7.82534, 27.0703 )

[node name="Tree63" parent="Scatter3D" instance=ExtResource( 8 )]
transform = Transform( -0.913271, 0, 0.407353, 0, 1, 0, -0.407353, 0, -0.913271, -83.842, 8, 21.2677 )

[node name="Tree64" parent="Scatter3D" instance=ExtResource( 8 )]
transform = Transform( 0.734974, 0, -0.678095, 0, 1, 0, 0.678095, 0, 0.734974, -86.1542, 8, -18.0503 )

[node name="Tree65" parent="Scatter3D" instance=ExtResource( 8 )]
transform = Transform( -0.999998, 0, 0.00203672, 0, 1, 0, -0.00203672, 0, -0.999998, -72.8368, 7.58123, -15.9999 )

[node name="Tree66" parent="Scatter3D" instance=ExtResource( 8 )]
transform = Transform( -0.0451333, 0, 0.998981, 0, 1, 0, -0.998981, 0, -0.0451333, -72.5883, 7.2054, -15.9991 )

[node name="Tree67" parent="Scatter3D" instance=ExtResource( 8 )]
transform = Transform( 0.475452, 0, -0.879742, 0, 1, 0, 0.879742, 0, 0.475452, -57.9955, 8, -9.46703 )

[node name="Tree68" parent="Scatter3D" instance=ExtResource( 8 )]
transform = Transform( 0.281051, 0, -0.959693, 0, 1, 0, 0.959693, 0, 0.281051, -54.4492, 6.65374, -8 )

[node name="Tree69" parent="Scatter3D" instance=ExtResource( 8 )]
transform = Transform( -0.954938, 0, 0.296807, 0, 1, 0, -0.296807, 0, -0.954938, -54.5044, 6.24503, -8 )

[node name="Tree70" parent="Scatter3D" instance=ExtResource( 8 )]
transform = Transform( -0.340915, 0, 0.940094, 0, 1, 0, -0.940094, 0, -0.340915, -29.2282, 0, 22.3865 )

[node name="Tree71" parent="Scatter3D" instance=ExtResource( 8 )]
transform = Transform( -0.756028, 0, 0.65454, 0, 1, 0, -0.65454, 0, -0.756028, -11.6157, 0, 22.0681 )

[node name="Tree72" parent="Scatter3D" instance=ExtResource( 8 )]
transform = Transform( 0.464864, 0, 0.885382, 0, 1, 0, -0.885382, 0, 0.464864, -30.4342, 0, -6.54743 )

[node name="Tree73" parent="Scatter3D" instance=ExtResource( 8 )]
transform = Transform( -0.294387, 0, -0.955686, 0, 1, 0, 0.955686, 0, -0.294387, -64, 3.13832, 34.2319 )

[node name="Tree74" parent="Scatter3D" instance=ExtResource( 8 )]
transform = Transform( -0.644888, 0, 0.764277, 0, 1, 0, -0.764277, 0, -0.644888, -42.4994, 0, 43.7941 )

[node name="Tree75" parent="Scatter3D" instance=ExtResource( 8 )]
transform = Transform( 0.885585, 0, -0.464478, 0, 1, 0, 0.464478, 0, 0.885585, -29.0888, 0, 42.8327 )

[node name="Tree76" parent="Scatter3D" instance=ExtResource( 8 )]
transform = Transform( 0.294716, 0, 0.955585, 0, 1, 0, -0.955585, 0, 0.294716, -17.9921, -7.62939e-06, 52.698 )

[node name="Tree77" parent="Scatter3D" instance=ExtResource( 8 )]
transform = Transform( 0.143801, 0, -0.989607, 0, 1, 0, 0.989607, 0, 0.143801, -3.73654, 0, 54.5912 )

[node name="Tree78" parent="Scatter3D" instance=ExtResource( 8 )]
transform = Transform( -0.774648, 0, 0.632393, 0, 1, 0, -0.632393, 0, -0.774648, 15.1729, 8.00001, 61.1737 )

[node name="Tree79" parent="Scatter3D" instance=ExtResource( 8 )]
transform = Transform( -0.828749, 0, 0.55962, 0, 1, 0, -0.55962, 0, -0.828749, 24.1462, 8, 59.0439 )

[node name="Tree80" parent="Scatter3D" instance=ExtResource( 8 )]
transform = Transform( -0.459367, 0, 0.888247, 0, 1, 0, -0.888247, 0, -0.459367, 34.7335, 8.00002, 49.0925 )

[node name="Tree81" parent="Scatter3D" instance=ExtResource( 8 )]
transform = Transform( 0.583217, 0, 0.812316, 0, 1, 0, -0.812316, 0, 0.583217, 33.2556, 8.00001, 38.0585 )

[node name="Tree82" parent="Scatter3D" instance=ExtResource( 8 )]
transform = Transform( 0.325885, 0, -0.945409, 0, 1, 0, 0.945409, 0, 0.325885, 34.4112, 8, 32.0404 )

[node name="Tree83" parent="Scatter3D" instance=ExtResource( 8 )]
transform = Transform( 0.610098, 0, 0.792326, 0, 1, 0, -0.792326, 0, 0.610098, 25.849, 8, 21.5118 )

[node name="Tree84" parent="Scatter3D" instance=ExtResource( 8 )]
transform = Transform( -0.999664, 0, 0.0259246, 0, 1, 0, -0.0259246, 0, -0.999664, 11.8709, 8, 31.1221 )

[node name="Tree85" parent="Scatter3D" instance=ExtResource( 8 )]
transform = Transform( -0.913529, 0, -0.406775, 0, 1, 0, 0.406775, 0, -0.913529, 3.49208, 8.00002, 19.8012 )

[node name="Tree86" parent="Scatter3D" instance=ExtResource( 8 )]
transform = Transform( 0.9785, 0, -0.206247, 0, 1, 0, 0.206247, 0, 0.9785, 4.60323, 8, 10.2097 )

[node name="Particles" parent="Scatter3D" instance=ExtResource( 11 )]
transform = Transform( 0.879951, 0, 0.475064, 0, 1, 0, -0.475064, 0, 0.879951, -4.2005, 6.95304, 48 )

[node name="Particles2" parent="Scatter3D" instance=ExtResource( 11 )]
transform = Transform( -0.999551, 0, 0.0299604, 0, 1, 0, -0.0299604, 0, -0.999551, -4.2005, 6.95304, 48 )

[node name="Particles3" parent="Scatter3D" instance=ExtResource( 11 )]
transform = Transform( 0.773826, 0, -0.633398, 0, 1, 0, 0.633398, 0, 0.773826, -4.2005, 6.95304, 48 )

[node name="Particles4" parent="Scatter3D" instance=ExtResource( 11 )]
transform = Transform( 0.693268, 0, 0.720679, 0, 1, 0, -0.720679, 0, 0.693268, 14.8062, -3.8147e-06, 12.2409 )

[node name="Particles5" parent="Scatter3D" instance=ExtResource( 11 )]
transform = Transform( -0.683536, 0, -0.729917, 0, 1, 0, 0.729917, 0, -0.683536, 14.8062, -3.8147e-06, 12.2409 )

[node name="Particles6" parent="Scatter3D" instance=ExtResource( 11 )]
transform = Transform( 0.356938, 0, 0.934128, 0, 1, 0, -0.934128, 0, 0.356938, 14.8062, -3.8147e-06, 12.2409 )

[node name="Particles7" parent="Scatter3D" instance=ExtResource( 11 )]
transform = Transform( 0.587547, 0, 0.80919, 0, 1, 0, -0.80919, 0, 0.587547, 19.8002, 0, -42.7454 )

[node name="Particles8" parent="Scatter3D" instance=ExtResource( 11 )]
transform = Transform( -0.854417, 0, 0.519588, 0, 1, 0, -0.519588, 0, -0.854417, 19.8002, 0, -42.7454 )

[node name="Particles9" parent="Scatter3D" instance=ExtResource( 11 )]
transform = Transform( -0.435666, 0, -0.900108, 0, 1, 0, 0.900108, 0, -0.435666, 19.8002, 0, -42.7454 )

[node name="Particles10" parent="Scatter3D" instance=ExtResource( 11 )]
transform = Transform( -0.90908, 0, 0.416622, 0, 1, 0, -0.416622, 0, -0.90908, -19.4884, 0, -66.358 )

[node name="Particles11" parent="Scatter3D" instance=ExtResource( 11 )]
transform = Transform( -0.866518, 0, 0.499147, 0, 1, 0, -0.499147, 0, -0.866518, -19.4884, 0, -66.358 )

[node name="Particles12" parent="Scatter3D" instance=ExtResource( 11 )]
transform = Transform( 0.989054, 0, 0.147555, 0, 1, 0, -0.147555, 0, 0.989054, -19.4884, 0, -66.358 )

[node name="Particles13" parent="Scatter3D" instance=ExtResource( 11 )]
transform = Transform( -0.0146365, 0, -0.999893, 0, 1, 0, 0.999893, 0, -0.0146365, -45.9073, -7.62939e-06, -4.66166 )

[node name="Particles14" parent="Scatter3D" instance=ExtResource( 11 )]
transform = Transform( -0.782086, 0, -0.62317, 0, 1, 0, 0.62317, 0, -0.782086, -45.9073, -7.62939e-06, -4.66166 )

[node name="Particles15" parent="Scatter3D" instance=ExtResource( 11 )]
transform = Transform( -0.691657, 0, 0.722226, 0, 1, 0, -0.722226, 0, -0.691657, -45.9073, -7.62939e-06, -4.66166 )

[node name="M16Pickup" parent="Scatter3D" instance=ExtResource( 15 )]
transform = Transform( 0.212814, 0, -0.977093, 0, 1, 0, 0.977093, 0, 0.212814, -20.9747, 0, 17.6821 )

[node name="M16Pickup2" parent="Scatter3D" instance=ExtResource( 15 )]
transform = Transform( -0.92064, 0, -0.390412, 0, 1, 0, 0.390412, 0, -0.92064, -20.9747, 0, 17.6821 )

[node name="M16Pickup3" parent="Scatter3D" instance=ExtResource( 15 )]
transform = Transform( -0.249466, 0, 0.968384, 0, 1, 0, -0.968384, 0, -0.249466, -20.9747, 0, 17.6821 )

[node name="M16Pickup4" parent="Scatter3D" instance=ExtResource( 15 )]
transform = Transform( -0.425571, 0, -0.904925, 0, 1, 0, 0.904925, 0, -0.425571, -20.9747, 0, 17.6821 )

[node name="M16Pickup5" parent="Scatter3D" instance=ExtResource( 15 )]
transform = Transform( -0.993337, 0, -0.115249, 0, 1, 0, 0.115249, 0, -0.993337, -67.2388, 0, 12.2511 )

[node name="M16Pickup6" parent="Scatter3D" instance=ExtResource( 15 )]
transform = Transform( -0.817158, 0, -0.576414, 0, 1, 0, 0.576414, 0, -0.817158, -67.2388, 0, 12.2511 )

[node name="M16Pickup7" parent="Scatter3D" instance=ExtResource( 15 )]
transform = Transform( 0.359504, 0, 0.933144, 0, 1, 0, -0.933144, 0, 0.359504, -67.2388, 0, 12.2511 )

[node name="M16Pickup8" parent="Scatter3D" instance=ExtResource( 15 )]
transform = Transform( -0.939064, 0, -0.343742, 0, 1, 0, 0.343742, 0, -0.939064, -67.2388, 0, 12.2511 )

[node name="M16Pickup9" parent="Scatter3D" instance=ExtResource( 15 )]
transform = Transform( 0.892369, 0, -0.451307, 0, 1, 0, 0.451307, 0, 0.892369, -67.2388, 0, 12.2511 )

[node name="M16Pickup10" parent="Scatter3D" instance=ExtResource( 15 )]
transform = Transform( 0.481601, 0, 0.876391, 0, 1, 0, -0.876391, 0, 0.481601, 5.62134, -3.8147e-06, -109.042 )

[node name="M16Pickup11" parent="Scatter3D" instance=ExtResource( 15 )]
transform = Transform( 0.986614, 0, -0.163072, 0, 1, 0, 0.163072, 0, 0.986614, 5.62134, -3.8147e-06, -109.042 )

[node name="M16Pickup12" parent="Scatter3D" instance=ExtResource( 15 )]
transform = Transform( 0.998183, 0, -0.0602513, 0, 1, 0, 0.0602513, 0, 0.998183, 5.62134, -3.8147e-06, -109.042 )

[node name="M16Pickup13" parent="Scatter3D" instance=ExtResource( 15 )]
transform = Transform( -0.563053, 0, -0.826421, 0, 1, 0, 0.826421, 0, -0.563053, 5.62134, -3.8147e-06, -109.042 )

[node name="Tree87" parent="Scatter3D" instance=ExtResource( 8 )]
transform = Transform( 0.888562, 0, 0.458756, 0, 1, 0, -0.458756, 0, 0.888562, 36.407, 8, 27.5189 )

[node name="NavMesh" parent="." instance=ExtResource( 2 )]

[node name="Blocks" parent="NavMesh" index="0"]
collision_layer = 3075
collision_mask = 3075
data = {
"cells": PoolIntArray( 4, 0, 2, 65522, 0, 2, 65524, 0, 2, 65525, 0, 2, 65526, 0, 2, 65527, 0, 2, 65528, 0, 2, 0, 1, 2, 4, 1, 2, 65522, 1, 2, 65530, 1, 0, 65532, 1, 0, 65533, 1, 0, 65534, 1, 0, 65535, 1, 0, 0, 2, 2, 3, 2, 2, 4, 2, 2, 65522, 2, 2, 65523, 2, 2, 65524, 2, 2, 65525, 2, 2, 65527, 2, 2, 65530, 2, 0, 65535, 2, 0, 0, 3, 2, 1, 3, 2, 3, 3, 2, 4, 3, 2, 65525, 3, 2, 65530, 3, 0, 65531, 3, 0, 65535, 3, 0, 0, 4, 0, 1, 4, 0, 4, 4, 2, 65525, 4, 2, 65526, 4, 2, 65527, 4, 2, 65530, 4, 0, 65531, 4, 0, 65532, 4, 0, 65534, 4, 0, 65535, 4, 0, 0, 5, 2, 1, 5, 2, 4, 5, 2, 65526, 5, 2, 65527, 5, 2, 65534, 5, 2, 65535, 5, 2, 4, 6, 2, 65527, 6, 2, 65528, 6, 2, 65529, 6, 2, 65530, 6, 2, 65531, 6, 2, 1, 7, 2, 2, 7, 2, 3, 7, 2, 65531, 7, 2, 65532, 7, 2, 65533, 7, 2, 0, 8, 2, 1, 8, 2, 65534, 8, 2, 65535, 8, 2, 2, 65516, 2, 3, 65516, 2, 4, 65516, 2, 5, 65516, 2, 6, 65516, 2, 1, 65517, 2, 2, 65517, 2, 5, 65517, 2, 6, 65517, 2, 7, 65517, 2, 65530, 65517, 2, 0, 65518, 2, 1, 65518, 2, 7, 65518, 2, 65530, 65518, 2, 65534, 65518, 2, 65535, 65518, 2, 7, 65519, 2, 65530, 65519, 2, 65531, 65519, 2, 65532, 65519, 2, 65533, 65519, 2, 65534, 65519, 2, 4, 65520, 2, 5, 65520, 2, 7, 65520, 2, 65530, 65520, 2, 65531, 65520, 2, 0, 65521, 2, 1, 65521, 2, 2, 65521, 2, 3, 65521, 2, 5, 65521, 2, 7, 65521, 2, 65530, 65521, 2, 65531, 65521, 2, 65535, 65521, 2, 5, 65522, 2, 7, 65522, 2, 65530, 65522, 2, 65534, 65522, 2, 65535, 65522, 2, 7, 65523, 2, 65530, 65523, 2, 7, 65524, 2, 65530, 65524, 2, 0, 65525, 2, 1, 65525, 2, 2, 65525, 2, 5, 65525, 2, 6, 65525, 2, 7, 65525, 2, 65530, 65525, 2, 65531, 65525, 2, 65535, 65525, 2, 5, 65526, 2, 65531, 65526, 2, 65532, 65526, 2, 65533, 65526, 2, 65534, 65526, 2, 65535, 65526, 2, 5, 65527, 2, 65531, 65527, 2, 5, 65528, 2, 65529, 65528, 2, 65530, 65528, 2, 65531, 65528, 2, 5, 65529, 2, 65529, 65529, 2, 5, 65530, 2, 65529, 65530, 2, 4, 65531, 2, 5, 65531, 2, 65529, 65531, 2, 65531, 65531, 2, 65533, 65531, 2, 65534, 65531, 2, 65535, 65531, 2, 0, 65532, 2, 4, 65532, 2, 5, 65532, 2, 65529, 65532, 2, 65531, 65532, 2, 65533, 65532, 2, 65534, 65532, 2, 65535, 65532, 2, 0, 65533, 2, 1, 65533, 2, 4, 65533, 2, 5, 65533, 2, 65525, 65533, 2, 65526, 65533, 2, 65527, 65533, 2, 65529, 65533, 2, 65531, 65533, 2, 65535, 65533, 2, 0, 65534, 2, 1, 65534, 2, 4, 65534, 2, 5, 65534, 2, 65522, 65534, 2, 65523, 65534, 2, 65524, 65534, 2, 65528, 65534, 2, 65529, 65534, 2, 65531, 65534, 2, 65533, 65534, 0, 65534, 65534, 0, 4, 65535, 2, 5, 65535, 2, 65522, 65535, 2, 65526, 65535, 2, 65531, 65535, 2, 65533, 65535, 0, 65534, 65535, 0 )
}

[node name="Particles" parent="NavMesh/Blocks" index="0" instance=ExtResource( 11 )]

[node name="Planes" parent="NavMesh" index="1"]
collision_layer = 3075
collision_mask = 3075
data = {
"cells": PoolIntArray( 0, 0, 2, 1, 0, 2, 2, 0, 2, 3, 0, 2, 4, 0, 2, 5, 0, 2, 6, 0, 2, 7, 0, 2, 8, 0, 2, 9, 0, 2, 10, 0, 2, 11, 0, 2, 65510, 0, 2, 65511, 0, 2, 65512, 0, 2, 65513, 0, 2, 65514, 0, 2, 65515, 0, 2, 65516, 0, 2, 65517, 0, 2, 65518, 0, 2, 65519, 0, 2, 65520, 0, 2, 65521, 0, 2, 65522, 0, 2, 65523, 0, 2, 65524, 0, 2, 65525, 0, 2, 65526, 0, 2, 65527, 0, 2, 65528, 0, 2, 65529, 0, 2, 65530, 0, 2, 65531, 0, 2, 65532, 0, 2, 65533, 0, 2, 65534, 0, 2, 65535, 0, 2, 0, 1, 2, 1, 1, 2, 2, 1, 2, 3, 1, 2, 4, 1, 2, 5, 1, 2, 6, 1, 2, 7, 1, 2, 8, 1, 2, 9, 1, 2, 10, 1, 2, 11, 1, 2, 65510, 1, 2, 65511, 1, 2, 65512, 1, 2, 65513, 1, 2, 65514, 1, 2, 65515, 1, 2, 65516, 1, 2, 65517, 1, 2, 65518, 1, 2, 65519, 1, 2, 65520, 1, 2, 65521, 1, 2, 65522, 1, 2, 65523, 1, 2, 65524, 1, 2, 65525, 1, 2, 65526, 1, 2, 65527, 1, 2, 65528, 1, 2, 65529, 1, 2, 65530, 1, 2, 65531, 1, 2, 65532, 1, 2, 65533, 1, 2, 65534, 1, 2, 65535, 1, 2, 0, 2, 2, 1, 2, 2, 2, 2, 2, 3, 2, 2, 4, 2, 2, 5, 2, 2, 6, 2, 2, 7, 2, 2, 8, 2, 2, 9, 2, 2, 10, 2, 2, 11, 2, 2, 65510, 2, 2, 65511, 2, 2, 65512, 2, 2, 65513, 2, 2, 65514, 2, 2, 65515, 2, 2, 65516, 2, 2, 65517, 2, 2, 65518, 2, 2, 65519, 2, 2, 65520, 2, 2, 65521, 2, 2, 65522, 2, 2, 65523, 2, 2, 65524, 2, 2, 65525, 2, 2, 65526, 2, 2, 65527, 2, 2, 65528, 2, 2, 65529, 2, 2, 65530, 2, 2, 65531, 2, 2, 65532, 2, 2, 65533, 2, 2, 65534, 2, 2, 65535, 2, 2, 0, 3, 2, 1, 3, 2, 2, 3, 2, 3, 3, 2, 4, 3, 2, 5, 3, 2, 6, 3, 2, 7, 3, 2, 8, 3, 2, 9, 3, 2, 10, 3, 2, 11, 3, 2, 65510, 3, 2, 65511, 3, 2, 65512, 3, 2, 65513, 3, 2, 65514, 3, 2, 65515, 3, 2, 65516, 3, 2, 65517, 3, 2, 65518, 3, 2, 65519, 3, 2, 65520, 3, 2, 65521, 3, 2, 65522, 3, 2, 65523, 3, 2, 65524, 3, 2, 65525, 3, 2, 65526, 3, 2, 65527, 3, 2, 65528, 3, 2, 65529, 3, 2, 65530, 3, 2, 65531, 3, 2, 65532, 3, 2, 65533, 3, 2, 65534, 3, 2, 65535, 3, 2, 0, 4, 2, 1, 4, 2, 2, 4, 2, 3, 4, 2, 4, 4, 2, 5, 4, 2, 6, 4, 2, 7, 4, 2, 8, 4, 2, 9, 4, 2, 10, 4, 2, 11, 4, 2, 65510, 4, 2, 65511, 4, 2, 65512, 4, 2, 65513, 4, 2, 65514, 4, 2, 65515, 4, 2, 65516, 4, 2, 65517, 4, 2, 65518, 4, 2, 65519, 4, 2, 65520, 4, 2, 65521, 4, 2, 65522, 4, 2, 65523, 4, 2, 65524, 4, 2, 65525, 4, 2, 65526, 4, 2, 65527, 4, 2, 65528, 4, 2, 65529, 4, 2, 65530, 4, 2, 65531, 4, 2, 65532, 4, 2, 65533, 4, 2, 65534, 4, 2, 65535, 4, 2, 0, 5, 2, 1, 5, 2, 2, 5, 2, 3, 5, 2, 4, 5, 2, 5, 5, 2, 6, 5, 2, 7, 5, 2, 8, 5, 2, 9, 5, 2, 10, 5, 2, 11, 5, 2, 65523, 5, 2, 65524, 5, 2, 65525, 5, 2, 65526, 5, 2, 65527, 5, 2, 65528, 5, 2, 65529, 5, 2, 65530, 5, 2, 65531, 5, 2, 65532, 5, 2, 65533, 5, 2, 65534, 5, 2, 65535, 5, 2, 0, 6, 2, 1, 6, 2, 2, 6, 2, 3, 6, 2, 4, 6, 2, 5, 6, 2, 6, 6, 2, 7, 6, 2, 8, 6, 2, 9, 6, 2, 10, 6, 2, 11, 6, 2, 65523, 6, 2, 65524, 6, 2, 65525, 6, 2, 65526, 6, 2, 65527, 6, 2, 65528, 6, 2, 65529, 6, 2, 65530, 6, 2, 65531, 6, 2, 65532, 6, 2, 65533, 6, 2, 65534, 6, 2, 65535, 6, 2, 0, 7, 2, 1, 7, 2, 2, 7, 2, 3, 7, 2, 4, 7, 2, 5, 7, 2, 6, 7, 2, 7, 7, 2, 8, 7, 2, 9, 7, 2, 10, 7, 2, 11, 7, 2, 65523, 7, 2, 65524, 7, 2, 65525, 7, 2, 65526, 7, 2, 65527, 7, 2, 65528, 7, 2, 65529, 7, 2, 65530, 7, 2, 65531, 7, 2, 65532, 7, 2, 65533, 7, 2, 65534, 7, 2, 65535, 7, 2, 0, 8, 2, 1, 8, 2, 2, 8, 2, 3, 8, 2, 4, 8, 2, 5, 8, 2, 6, 8, 2, 7, 8, 2, 8, 8, 2, 9, 8, 2, 10, 8, 2, 11, 8, 2, 65523, 8, 2, 65524, 8, 2, 65525, 8, 2, 65526, 8, 2, 65527, 8, 2, 65528, 8, 2, 65529, 8, 2, 65530, 8, 2, 65531, 8, 2, 65532, 8, 2, 65533, 8, 2, 65534, 8, 2, 65535, 8, 2, 0, 65514, 2, 1, 65514, 2, 2, 65514, 2, 3, 65514, 2, 4, 65514, 2, 5, 65514, 2, 6, 65514, 2, 7, 65514, 2, 8, 65514, 2, 9, 65514, 2, 10, 65514, 2, 11, 65514, 2, 65523, 65514, 2, 65524, 65514, 2, 65525, 65514, 2, 65526, 65514, 2, 65527, 65514, 2, 65528, 65514, 2, 65529, 65514, 2, 65530, 65514, 2, 65531, 65514, 2, 65532, 65514, 2, 65533, 65514, 2, 65534, 65514, 2, 65535, 65514, 2, 0, 65515, 2, 1, 65515, 2, 2, 65515, 2, 3, 65515, 2, 4, 65515, 2, 5, 65515, 2, 6, 65515, 2, 7, 65515, 2, 8, 65515, 2, 9, 65515, 2, 10, 65515, 2, 11, 65515, 2, 65523, 65515, 2, 65524, 65515, 2, 65525, 65515, 2, 65526, 65515, 2, 65527, 65515, 2, 65528, 65515, 2, 65529, 65515, 2, 65530, 65515, 2, 65531, 65515, 2, 65532, 65515, 2, 65533, 65515, 2, 65534, 65515, 2, 65535, 65515, 2, 0, 65516, 2, 1, 65516, 2, 2, 65516, 2, 3, 65516, 2, 4, 65516, 2, 5, 65516, 2, 6, 65516, 2, 7, 65516, 2, 8, 65516, 2, 9, 65516, 2, 10, 65516, 2, 11, 65516, 2, 65523, 65516, 2, 65524, 65516, 2, 65525, 65516, 2, 65526, 65516, 2, 65527, 65516, 2, 65528, 65516, 2, 65529, 65516, 2, 65530, 65516, 2, 65531, 65516, 2, 65532, 65516, 2, 65533, 65516, 2, 65534, 65516, 2, 65535, 65516, 2, 0, 65517, 2, 1, 65517, 2, 2, 65517, 2, 3, 65517, 2, 4, 65517, 2, 5, 65517, 2, 6, 65517, 2, 7, 65517, 2, 8, 65517, 2, 9, 65517, 2, 10, 65517, 2, 11, 65517, 2, 65523, 65517, 2, 65524, 65517, 2, 65525, 65517, 2, 65526, 65517, 2, 65527, 65517, 2, 65528, 65517, 2, 65529, 65517, 2, 65530, 65517, 2, 65531, 65517, 2, 65532, 65517, 2, 65533, 65517, 2, 65534, 65517, 2, 65535, 65517, 2, 0, 65518, 2, 1, 65518, 2, 2, 65518, 2, 3, 65518, 2, 4, 65518, 2, 5, 65518, 2, 6, 65518, 2, 7, 65518, 2, 8, 65518, 2, 9, 65518, 2, 10, 65518, 2, 11, 65518, 2, 65523, 65518, 2, 65524, 65518, 2, 65525, 65518, 2, 65526, 65518, 2, 65527, 65518, 2, 65528, 65518, 2, 65529, 65518, 2, 65530, 65518, 2, 65531, 65518, 2, 65532, 65518, 2, 65533, 65518, 2, 65534, 65518, 2, 65535, 65518, 2, 0, 65519, 2, 1, 65519, 2, 2, 65519, 2, 3, 65519, 2, 4, 65519, 2, 5, 65519, 2, 6, 65519, 2, 7, 65519, 2, 8, 65519, 2, 9, 65519, 2, 10, 65519, 2, 11, 65519, 2, 65523, 65519, 2, 65524, 65519, 2, 65525, 65519, 2, 65526, 65519, 2, 65527, 65519, 2, 65528, 65519, 2, 65529, 65519, 2, 65530, 65519, 2, 65531, 65519, 2, 65532, 65519, 2, 65533, 65519, 2, 65534, 65519, 2, 65535, 65519, 2, 0, 65520, 2, 1, 65520, 2, 2, 65520, 2, 3, 65520, 2, 4, 65520, 2, 5, 65520, 2, 6, 65520, 2, 7, 65520, 2, 8, 65520, 2, 9, 65520, 2, 10, 65520, 2, 11, 65520, 2, 65523, 65520, 2, 65524, 65520, 2, 65525, 65520, 2, 65526, 65520, 2, 65527, 65520, 2, 65528, 65520, 2, 65529, 65520, 2, 65530, 65520, 2, 65531, 65520, 2, 65532, 65520, 2, 65533, 65520, 2, 65534, 65520, 2, 65535, 65520, 2, 0, 65521, 2, 1, 65521, 2, 2, 65521, 2, 3, 65521, 2, 4, 65521, 2, 5, 65521, 2, 6, 65521, 2, 7, 65521, 2, 8, 65521, 2, 9, 65521, 2, 10, 65521, 2, 11, 65521, 2, 65523, 65521, 2, 65524, 65521, 2, 65525, 65521, 2, 65526, 65521, 2, 65527, 65521, 2, 65528, 65521, 2, 65529, 65521, 2, 65530, 65521, 2, 65531, 65521, 2, 65532, 65521, 2, 65533, 65521, 2, 65534, 65521, 2, 65535, 65521, 2, 0, 65522, 2, 1, 65522, 2, 2, 65522, 2, 3, 65522, 2, 4, 65522, 2, 5, 65522, 2, 6, 65522, 2, 7, 65522, 2, 8, 65522, 2, 9, 65522, 2, 10, 65522, 2, 11, 65522, 2, 65523, 65522, 2, 65524, 65522, 2, 65525, 65522, 2, 65526, 65522, 2, 65527, 65522, 2, 65528, 65522, 2, 65529, 65522, 2, 65530, 65522, 2, 65531, 65522, 2, 65532, 65522, 2, 65533, 65522, 2, 65534, 65522, 2, 65535, 65522, 2, 0, 65523, 2, 1, 65523, 2, 2, 65523, 2, 3, 65523, 2, 4, 65523, 2, 5, 65523, 2, 6, 65523, 2, 7, 65523, 2, 8, 65523, 2, 9, 65523, 2, 10, 65523, 2, 11, 65523, 2, 65523, 65523, 2, 65524, 65523, 2, 65525, 65523, 2, 65526, 65523, 2, 65527, 65523, 2, 65528, 65523, 2, 65529, 65523, 2, 65530, 65523, 2, 65531, 65523, 2, 65532, 65523, 2, 65533, 65523, 2, 65534, 65523, 2, 65535, 65523, 2, 0, 65524, 2, 1, 65524, 2, 2, 65524, 2, 3, 65524, 2, 4, 65524, 2, 5, 65524, 2, 6, 65524, 2, 7, 65524, 2, 8, 65524, 2, 9, 65524, 2, 10, 65524, 2, 11, 65524, 2, 65510, 65524, 2, 65511, 65524, 2, 65512, 65524, 2, 65513, 65524, 2, 65514, 65524, 2, 65515, 65524, 2, 65516, 65524, 2, 65517, 65524, 2, 65518, 65524, 2, 65519, 65524, 2, 65520, 65524, 2, 65521, 65524, 2, 65522, 65524, 2, 65523, 65524, 2, 65524, 65524, 2, 65525, 65524, 2, 65526, 65524, 2, 65527, 65524, 2, 65528, 65524, 2, 65529, 65524, 2, 65530, 65524, 2, 65531, 65524, 2, 65532, 65524, 2, 65533, 65524, 2, 65534, 65524, 2, 65535, 65524, 2, 0, 65525, 2, 1, 65525, 2, 2, 65525, 2, 3, 65525, 2, 4, 65525, 2, 5, 65525, 2, 6, 65525, 2, 7, 65525, 2, 8, 65525, 2, 9, 65525, 2, 10, 65525, 2, 11, 65525, 2, 65510, 65525, 2, 65511, 65525, 2, 65512, 65525, 2, 65513, 65525, 2, 65514, 65525, 2, 65515, 65525, 2, 65516, 65525, 2, 65517, 65525, 2, 65518, 65525, 2, 65519, 65525, 2, 65520, 65525, 2, 65521, 65525, 2, 65522, 65525, 2, 65523, 65525, 2, 65524, 65525, 2, 65525, 65525, 2, 65526, 65525, 2, 65527, 65525, 2, 65528, 65525, 2, 65529, 65525, 2, 65530, 65525, 2, 65531, 65525, 2, 65532, 65525, 2, 65533, 65525, 2, 65534, 65525, 2, 65535, 65525, 2, 0, 65526, 2, 1, 65526, 2, 2, 65526, 2, 3, 65526, 2, 4, 65526, 2, 5, 65526, 2, 6, 65526, 2, 7, 65526, 2, 8, 65526, 2, 9, 65526, 2, 10, 65526, 2, 11, 65526, 2, 65510, 65526, 2, 65511, 65526, 2, 65512, 65526, 2, 65513, 65526, 2, 65514, 65526, 2, 65515, 65526, 2, 65516, 65526, 2, 65517, 65526, 2, 65518, 65526, 2, 65519, 65526, 2, 65520, 65526, 2, 65521, 65526, 2, 65522, 65526, 2, 65523, 65526, 2, 65524, 65526, 2, 65525, 65526, 2, 65526, 65526, 2, 65527, 65526, 2, 65528, 65526, 2, 65529, 65526, 2, 65530, 65526, 2, 65531, 65526, 2, 65532, 65526, 2, 65533, 65526, 2, 65534, 65526, 2, 65535, 65526, 2, 0, 65527, 2, 1, 65527, 2, 2, 65527, 2, 3, 65527, 2, 4, 65527, 2, 5, 65527, 2, 6, 65527, 2, 7, 65527, 2, 8, 65527, 2, 9, 65527, 2, 10, 65527, 2, 11, 65527, 2, 65510, 65527, 2, 65511, 65527, 2, 65512, 65527, 2, 65513, 65527, 2, 65514, 65527, 2, 65515, 65527, 2, 65516, 65527, 2, 65517, 65527, 2, 65518, 65527, 2, 65519, 65527, 2, 65520, 65527, 2, 65521, 65527, 2, 65522, 65527, 2, 65523, 65527, 2, 65524, 65527, 2, 65525, 65527, 2, 65526, 65527, 2, 65527, 65527, 2, 65528, 65527, 2, 65529, 65527, 2, 65530, 65527, 2, 65531, 65527, 2, 65532, 65527, 2, 65533, 65527, 2, 65534, 65527, 2, 65535, 65527, 2, 0, 65528, 2, 1, 65528, 2, 2, 65528, 2, 3, 65528, 2, 4, 65528, 2, 5, 65528, 2, 6, 65528, 2, 7, 65528, 2, 8, 65528, 2, 9, 65528, 2, 10, 65528, 2, 11, 65528, 2, 65510, 65528, 2, 65511, 65528, 2, 65512, 65528, 2, 65513, 65528, 2, 65514, 65528, 2, 65515, 65528, 2, 65516, 65528, 2, 65517, 65528, 2, 65518, 65528, 2, 65519, 65528, 2, 65520, 65528, 2, 65521, 65528, 2, 65522, 65528, 2, 65523, 65528, 2, 65524, 65528, 2, 65525, 65528, 2, 65526, 65528, 2, 65527, 65528, 2, 65528, 65528, 2, 65529, 65528, 2, 65530, 65528, 2, 65531, 65528, 2, 65532, 65528, 2, 65533, 65528, 2, 65534, 65528, 2, 65535, 65528, 2, 0, 65529, 2, 1, 65529, 2, 2, 65529, 2, 3, 65529, 2, 4, 65529, 2, 5, 65529, 2, 6, 65529, 2, 7, 65529, 2, 8, 65529, 2, 9, 65529, 2, 10, 65529, 2, 11, 65529, 2, 65510, 65529, 2, 65511, 65529, 2, 65512, 65529, 2, 65513, 65529, 2, 65514, 65529, 2, 65515, 65529, 2, 65516, 65529, 2, 65517, 65529, 2, 65518, 65529, 2, 65519, 65529, 2, 65520, 65529, 2, 65521, 65529, 2, 65522, 65529, 2, 65523, 65529, 2, 65524, 65529, 2, 65525, 65529, 2, 65526, 65529, 2, 65527, 65529, 2, 65528, 65529, 2, 65529, 65529, 2, 65530, 65529, 2, 65531, 65529, 2, 65532, 65529, 2, 65533, 65529, 2, 65534, 65529, 2, 65535, 65529, 2, 0, 65530, 2, 1, 65530, 2, 2, 65530, 2, 3, 65530, 2, 4, 65530, 2, 5, 65530, 2, 6, 65530, 2, 7, 65530, 2, 8, 65530, 2, 9, 65530, 2, 10, 65530, 2, 11, 65530, 2, 65510, 65530, 2, 65511, 65530, 2, 65512, 65530, 2, 65513, 65530, 2, 65514, 65530, 2, 65515, 65530, 2, 65516, 65530, 2, 65517, 65530, 2, 65518, 65530, 2, 65519, 65530, 2, 65520, 65530, 2, 65521, 65530, 2, 65522, 65530, 2, 65523, 65530, 2, 65524, 65530, 2, 65525, 65530, 2, 65526, 65530, 2, 65527, 65530, 2, 65528, 65530, 2, 65529, 65530, 2, 65530, 65530, 2, 65531, 65530, 2, 65532, 65530, 2, 65533, 65530, 2, 65534, 65530, 2, 65535, 65530, 2, 0, 65531, 2, 1, 65531, 2, 2, 65531, 2, 3, 65531, 2, 4, 65531, 2, 5, 65531, 2, 6, 65531, 2, 7, 65531, 2, 8, 65531, 2, 9, 65531, 2, 10, 65531, 2, 11, 65531, 2, 65510, 65531, 2, 65511, 65531, 2, 65512, 65531, 2, 65513, 65531, 2, 65514, 65531, 2, 65515, 65531, 2, 65516, 65531, 2, 65517, 65531, 2, 65518, 65531, 2, 65519, 65531, 2, 65520, 65531, 2, 65521, 65531, 2, 65522, 65531, 2, 65523, 65531, 2, 65524, 65531, 2, 65525, 65531, 2, 65526, 65531, 2, 65527, 65531, 2, 65528, 65531, 2, 65529, 65531, 2, 65530, 65531, 2, 65531, 65531, 2, 65532, 65531, 2, 65533, 65531, 2, 65534, 65531, 2, 65535, 65531, 2, 0, 65532, 2, 1, 65532, 2, 2, 65532, 2, 3, 65532, 2, 4, 65532, 2, 5, 65532, 2, 6, 65532, 2, 7, 65532, 2, 8, 65532, 2, 9, 65532, 2, 10, 65532, 2, 11, 65532, 2, 65510, 65532, 2, 65511, 65532, 2, 65512, 65532, 2, 65513, 65532, 2, 65514, 65532, 2, 65515, 65532, 2, 65516, 65532, 2, 65517, 65532, 2, 65518, 65532, 2, 65519, 65532, 2, 65520, 65532, 2, 65521, 65532, 2, 65522, 65532, 2, 65523, 65532, 2, 65524, 65532, 2, 65525, 65532, 2, 65526, 65532, 2, 65527, 65532, 2, 65528, 65532, 2, 65529, 65532, 2, 65530, 65532, 2, 65531, 65532, 2, 65532, 65532, 2, 65533, 65532, 2, 65534, 65532, 2, 65535, 65532, 2, 0, 65533, 2, 1, 65533, 2, 2, 65533, 2, 3, 65533, 2, 4, 65533, 2, 5, 65533, 2, 6, 65533, 2, 7, 65533, 2, 8, 65533, 2, 9, 65533, 2, 10, 65533, 2, 11, 65533, 2, 65510, 65533, 2, 65511, 65533, 2, 65512, 65533, 2, 65513, 65533, 2, 65514, 65533, 2, 65515, 65533, 2, 65516, 65533, 2, 65517, 65533, 2, 65518, 65533, 2, 65519, 65533, 2, 65520, 65533, 2, 65521, 65533, 2, 65522, 65533, 2, 65523, 65533, 2, 65524, 65533, 2, 65525, 65533, 2, 65526, 65533, 2, 65527, 65533, 2, 65528, 65533, 2, 65529, 65533, 2, 65530, 65533, 2, 65531, 65533, 2, 65532, 65533, 2, 65533, 65533, 2, 65534, 65533, 2, 65535, 65533, 2, 0, 65534, 2, 1, 65534, 2, 2, 65534, 2, 3, 65534, 2, 4, 65534, 2, 5, 65534, 2, 6, 65534, 2, 7, 65534, 2, 8, 65534, 2, 9, 65534, 2, 10, 65534, 2, 11, 65534, 2, 65510, 65534, 2, 65511, 65534, 2, 65512, 65534, 2, 65513, 65534, 2, 65514, 65534, 2, 65515, 65534, 2, 65516, 65534, 2, 65517, 65534, 2, 65518, 65534, 2, 65519, 65534, 2, 65520, 65534, 2, 65521, 65534, 2, 65522, 65534, 2, 65523, 65534, 2, 65524, 65534, 2, 65525, 65534, 2, 65526, 65534, 2, 65527, 65534, 2, 65528, 65534, 2, 65529, 65534, 2, 65530, 65534, 2, 65531, 65534, 2, 65532, 65534, 2, 65533, 65534, 2, 65534, 65534, 2, 65535, 65534, 2, 0, 65535, 2, 1, 65535, 2, 2, 65535, 2, 3, 65535, 2, 4, 65535, 2, 5, 65535, 2, 6, 65535, 2, 7, 65535, 2, 8, 65535, 2, 9, 65535, 2, 10, 65535, 2, 11, 65535, 2, 65510, 65535, 2, 65511, 65535, 2, 65512, 65535, 2, 65513, 65535, 2, 65514, 65535, 2, 65515, 65535, 2, 65516, 65535, 2, 65517, 65535, 2, 65518, 65535, 2, 65519, 65535, 2, 65520, 65535, 2, 65521, 65535, 2, 65522, 65535, 2, 65523, 65535, 2, 65524, 65535, 2, 65525, 65535, 2, 65526, 65535, 2, 65527, 65535, 2, 65528, 65535, 2, 65529, 65535, 2, 65530, 65535, 2, 65531, 65535, 2, 65532, 65535, 2, 65533, 65535, 2, 65534, 65535, 2, 65535, 65535, 2 )
}

[node name="Tree" parent="NavMesh" instance=ExtResource( 8 )]
transform = Transform( 1, 0, 0, 0, 1, 0, 0, 0, 1, 28.9685, 0.362599, -18.5035 )

